3
100 300
66 1
3 2
65 3
34 4
46 5
24 6
27 7
84 8
3 9
46 10
89 11
93 12
27 13
92 14
50 15
58 16
45 17
20 18
44 19
70 20
74 21
23 22
66 23
75 24
65 25
15 26
84 27
90 28
93 29
17 30
84 31
57 32
5 33
75 34
19 35
10 36
36 37
56 38
68 39
63 40
93 41
8 42
65 43
73 44
45 46
22 47
44 48
17 49
2 50
12 51
3 52
77 53
93 54
47 55
95 56
45 57
23 58
17 59
51 60
70 61
13 62
42 63
27 64
45 65
65 66
73 67
66 68
3 69
23 70
16 71
97 72
12 73
47 74
45 75
54 76
17 77
10 78
48 79
55 80
46 81
31 82
54 83
45 84
57 85
38 86
81 87
75 88
81 89
24 90
94 91
6 92
84 93
1 94
31 95
97 96
81 97
36 98
63 99
87 100
90 17
80 43
87 5
50 36
77 86
50 21
21 52
34 60
25 73
97 91
42 74
70 9
40 84
44 86
87 26
25 51
55 13
37 4
9 12
75 27
41 71
59 35
92 60
30 93
15 55
39 78
23 71
33 89
73 52
23 44
66 35
88 15
63 68
62 25
82 41
8 9
20 45
33 69
100 23
17 69
70 49
60 86
98 76
22 85
68 71
41 43
91 48
50 84
70 67
27 46
6 19
38 4
64 54
63 31
48 69
88 32
42 5
70 47
29 8
50 37
73 16
69 94
64 50
100 4
84 98
46 82
5 1
67 64
23 26
72 1
10 18
35 69
39 99
94 68
4 44
55 23
5 2
25 50
86 61
24 85
69 25
53 72
44 92
62 21
96 29
37 84
9 34
88 91
26 43
28 56
53 20
59 12
64 41
21 34
63 96
75 49
26 44
100 67
68 37
68 95
17 33
90 45
73 22
14 86
10 85
64 59
88 67
61 48
6 42
31 14
12 33
81 68
15 54
57 59
68 80
46 21
28 25
59 40
65 70
73 56
13 42
14 35
37 9
82 42
16 83
56 62
90 75
84 71
18 81
8 17
33 51
28 65
12 60
15 62
56 45
94 89
51 44
31 70
58 97
2 36
35 61
100 57
26 28
97 36
79 17
42 84
63 66
93 14
90 42
52 90
21 58
8 71
98 27
54 73
14 39
61 93
96 99
7 52
64 88
39 28
78 59
52 88
84 100
43 11
44 94
58 73
35 26
18 45
43 37
31 40
43 40
64 86
30 56
61 36
4 92
61 6
38 55
14 7
86 93
18 17
82 59
37 34
4 35
17 14
51 47
12 45
26 57
84 81
89 3
17 47
31 15
11 17
38 67
20 66
64 77
17 50
16 15
94 42
22 62
88 13
98 86
100 300
40 1
63 2
39 3
46 4
54 5
89 6
28 7
63 8
91 9
94 10
61 11
31 12
83 13
56 14
63 15
75 16
89 17
31 18
52 19
33 20
28 21
54 22
7 23
33 24
38 25
61 26
55 27
63 28
73 29
28 30
8 31
73 32
8 33
10 34
50 35
48 36
31 37
63 38
13 39
28 40
40 41
35 42
54 43
62 44
8 45
76 46
54 47
93 48
99 49
20 50
17 51
58 52
10 53
83 54
63 55
59 56
76 57
8 58
28 59
15 60
29 61
38 62
97 64
15 65
75 66
71 67
10 68
60 69
31 70
21 71
56 72
59 73
65 74
39 75
54 76
91 77
12 78
97 79
97 80
61 81
16 82
28 83
28 84
50 85
61 86
28 87
38 88
45 89
2 90
13 91
38 92
97 93
83 94
35 95
86 96
8 97
90 98
21 99
28 100
70 67
44 54
76 42
57 44
16 13
95 7
37 88
69 16
75 13
62 4
89 68
95 36
40 65
95 67
66 55
71 44
85 12
91 24
71 63
38 81
11 53
57 6
47 90
3 44
67 44
38 65
58 27
100 70
83 67
79 83
78 97
73 70
77 21
57 29
69 77
15 5
21 17
16 65
18 3
11 86
57 89
7 81
88 48
37 41
46 51
51 77
72 95
34 84
21 36
14 63
21 3
95 46
99 69
21 54
69 88
100 72
49 75
62 48
37 20
7 50
71 5
68 14
21 37
99 31
5 31
89 81
35 52
87 89
65 67
71 10
68 42
73 63
12 75
60 76
26 57
68 85
70 85
62 11
44 49
76 31
60 80
43 89
66 73
83 33
45 98
30 17
72 69
6 21
15 78
22 3
95 56
99 61
78 52
79 36
28 99
12 57
32 37
30 15
37 84
8 49
89 4
18 59
4 64
43 29
56 74
20 14
30 33
92 4
71 17
68 77
55 70
76 16
18 64
36 87
65 95
54 61
35 84
38 76
100 77
96 21
72 11
17 77
51 67
75 48
87 55
5 33
11 22
41 91
90 32
86 76
72 97
38 3
2 76
30 49
33 98
42 41
44 73
65 88
45 33
82 81
73 14
35 86
44 80
99 46
75 63
59 72
82 17
10 8
50 91
61 4
19 29
46 40
48 51
36 84
92 61
40 45
93 89
64 52
84 52
10 47
11 75
13 65
3 66
75 88
91 100
66 21
78 8
60 21
97 51
10 48
72 39
37 80
79 73
57 27
79 32
92 76
43 33
24 68
100 74
5 18
48 59
40 54
26 17
20 40
62 19
47 99
10 17
16 34
94 2
56 27
15 53
33 61
43 88
45 95
64 99
69 6
4 21
22 55
30 91
48 56
17 74
100 300
95 1
34 2
14 3
92 4
97 5
59 6
95 7
71 8
99 9
31 10
52 11
24 12
25 13
96 14
37 15
30 16
45 17
95 18
63 19
27 20
95 21
5 22
99 23
99 24
70 25
24 26
9 27
80 28
89 29
97 30
87 31
53 32
94 33
50 34
45 35
30 36
10 37
58 38
18 39
34 40
98 41
54 42
18 43
77 44
31 45
50 46
34 47
36 48
23 49
91 50
95 51
50 52
58 53
9 54
95 55
75 56
20 57
50 58
72 59
35 60
55 61
89 62
96 63
76 64
22 65
24 66
88 67
45 68
51 69
39 70
21 71
95 72
60 73
95 74
70 75
21 76
91 77
18 78
45 79
10 80
37 81
46 82
34 83
24 84
93 85
14 86
95 87
63 88
70 89
72 90
95 91
10 92
39 93
9 94
18 96
94 97
55 98
95 99
50 100
27 69
77 54
32 90
45 70
15 59
3 62
53 76
10 22
83 94
99 72
25 43
5 65
75 31
42 1
20 88
18 66
24 58
29 46
49 4
1 94
30 56
86 62
9 78
87 47
7 13
86 31
27 7
92 35
31 95
43 49
83 20
36 49
12 56
17 59
32 44
44 46
14 67
66 43
32 63
24 34
94 59
12 74
29 75
96 88
60 90
24 95
75 14
65 44
77 55
90 92
91 89
6 68
59 64
16 22
19 38
69 86
14 80
48 26
12 95
57 79
75 81
7 15
26 20
79 19
6 55
7 61
67 92
35 94
17 23
7 53
38 76
49 52
61 32
67 33
71 5
10 18
77 25
2 81
30 6
11 34
40 44
48 70
3 16
70 18
1 64
100 22
12 96
98 60
22 7
24 62
100 36
33 87
57 58
91 53
97 28
33 22
10 32
73 34
65 55
53 97
34 99
34 70
89 21
67 21
69 74
29 27
71 36
79 39
82 17
77 18
75 5
64 62
46 41
7 20
29 64
67 44
31 70
86 78
49 79
90 11
73 17
59 39
45 42
11 25
51 72
68 13
78 96
77 58
59 68
70 67
54 81
20 64
23 83
17 50
41 34
72 53
51 27
38 67
54 26
34 13
43 26
62 38
93 11
11 36
10 42
66 32
80 4
61 22
27 98
87 81
24 93
3 61
53 3
52 34
42 64
10 26
28 24
4 96
32 69
24 76
57 45
71 83
67 75
42 71
92 43
34 4
33 45
35 17
68 90
61 94
34 33
32 68
8 73
38 72
64 80
74 45
21 88
92 52
36 54
4 45
52 96
31 9
84 80
78 38
81 58
83 50
97 10
17 28
20 68
49 48
62 34
93 59
39 98
22 60
64 54
20 77
90 57
36 40
21 32
13 57
96 67