100
61 49
43 96
46 1
79 84
55 33
97 59
28 21
67 46
71 63
74 94
3 99
65 83
91 48
72 21
35 1
57 71
63 77
80 63
14 58
8 32
3 66
37 15
4 11
88 90
56 87
15 79
57 80
90 6
16 73
22 38
10 20
69 60
86 9
62 70
56 13
21 48
40 1
25 13
21 81
95 53
81 59
59 55
92 62
20 72
21 97
24 18
12 57
62 51
71 66
44 16
40 46
59 21
33 21
4 61
37 84
19 11
20 75
4 41
64 86
21 14
62 38
70 51
21 29
82 58
30 96
60 42
34 0
99 66
34 93
21 91
63 66
71 3
47 92
31 88
41 19
85 84
77 80
65 64
89 6
97 33
17 19
66 29
99 77
21 54
72 10
39 52
95 36
12 6
67 35
99 57
30 43
85 15
58 44
33 28
69 24
31 68
32 2
78 54
59 48
90 50
50 88
48 33
88 26
95 6
33 91
5 17
28 81
97 81
29 99
72 35
98 69
11 49
67 40
72 75
66 77
91 55
16 39
91 59
22 2
66 80
49 5
82 23
33 81
71 29
74 87
97 28
63 29
17 41
81 91
55 48
11 61
0 82
7 44
36 12
6 49
58 45
10 75
6 76
52 73
78 60
46 35
63 3
52 27
68 79
83 93
77 57
51 92
7 52
89 53
45 14
47 58
68 37
25 94
98 24
31 79
30 76
41 11
70 2
42 78
8 47
23 9
39 44
18 98
97 48
73 39
2 38
31 37
13 21
4 19
-1 -1