500
101 291
455 105
26 422
496 486
168 189
310 331
341 23
100 300
269 12
92 333
421 368
393 364
148 271
336 243
209 379
122 20
39 56
51 370
369 142
482 61
496 444
163 50
247 104
496 393
54 212
16 409
263 118
40 205
332 435
407 154
100 147
177 415
314 270
53 265
470 465
442 438
341 202
312 393
154 281
428 213
447 235
449 262
333 74
248 194
89 264
40 16
77 237
272 224
318 226
452 260
463 165
282 114
300 5
374 415
358 449
351 331
338 169
143 107
306 119
241 419
246 14
18 25
61 325
134 409
96 318
206 37
445 394
233 188
338 328
58 33
254 177
117 256
257 264
83 263
460 107
468 136
33 235
243 474
128 435
139 306
230 480
414 159
358 217
420 345
195 251
429 415
497 134
107 328
87 120
342 62
357 437
60 337
61 119
2 309
303 367
332 182
144 71
96 226
473 150
138 31
91 44
312 173
403 17
171 288
348 382
426 178
408 87
440 133
366 46
58 187
308 226
430 158
354 374
56 142
17 251
72 216
183 216
427 197
238 151
261 310
169 298
223 493
206 167
452 6
188 214
99 72
415 57
0 366
297 312
169 143
269 272
263 373
195 76
235 238
266 341
107 440
443 326
493 489
140 223
225 120
449 31
97 58
447 151
277 322
459 471
155 401
104 285
279 472
126 13
405 494
275 337
10 215
120 240
221 301
409 285
304 253
321 177
266 137
139 61
383 149
430 286
14 287
134 331
197 244
161 290
187 148
409 115
78 3
394 87
495 87
411 355
461 433
288 255
235 216
425 251
328 176
75 499
327 322
282 34
82 85
412 141
203 11
378 327
51 6
288 321
469 188
225 94
88 389
398 242
498 459
65 197
145 96
93 55
310 160
197 176
209 118
271 235
33 395
286 369
144 196
316 477
375 323
455 239
105 466
354 254
14 15
110 308
350 242
126 387
409 351
402 256
396 326
293 305
193 294
80 122
278 32
315 192
19 468
364 173
298 460
376 453
305 452
126 294
27 200
435 176
271 309
331 16
427 65
271 2
285 497
176 357
226 156
400 224
121 498
334 76
271 62
482 306
222 352
175 219
448 198
58 2
182 174
110 318
147 5
0 46
429 190
159 59
141 190
399 207
361 413
423 360
291 246
482 179
144 19
361 383
301 349
8 401
474 210
10 105
84 482
247 24
357 65
254 288
291 477
391 71
309 342
217 449
476 90
369 77
393 444
154 317
371 74
237 158
187 309
146 446
171 60
102 289
94 394
36 65
24 16
217 138
116 268
285 283
478 1
387 406
126 406
125 171
99 58
393 20
386 325
457 104
335 465
277 289
274 14
173 493
298 451
420 52
120 445
277 166
252 44
287 101
445 4
254 415
110 254
470 333
33 99
350 398
37 298
94 228
477 124
47 444
194 451
174 357
427 182
417 108
39 233
176 174
350 386
311 42
238 187
183 447
274 291
469 56
435 197
367 312
456 471
419 11
163 463
49 278
177 337
220 206
33 467
26 459
298 440
167 220
321 404
22 432
283 24
347 293
172 406
183 467
297 324
348 361
48 105
259 349
311 431
343 16
199 178
446 428
216 238
261 52
238 183
87 94
363 269
343 263
460 143
87 136
290 109
27 7
427 411
454 371
115 457
351 104
7 488
291 67
330 420
430 39
470 372
55 483
242 306
177 288
404 255
457 134
2 447
219 66
489 367
35 230
254 171
172 126
157 479
13 91
272 387
391 468
383 413
233 142
460 83
13 252
477 274
422 456
396 443
422 250
168 401
2 187
450 448
212 441
156 96
148 2
351 160
132 203
232 26
181 80
162 379
239 356
33 72
401 189
454 30
469 77
298 83
243 210
246 67
106 412
97 151
192 382
482 292
205 285
136 495
110 127
281 464
298 462
244 65
281 178
192 361
332 174
158 56
236 334
369 188
48 273
195 266
280 490
46 9
348 245
59 234
77 430
258 332
241 424
87 228
427 244
136 225
95 377
498 232
332 355
285 160
160 16
288 415
134 310
77 233
34 184
284 18
344 485
93 286
434 359
255 354
413 348
128 355
394 240
96 384
374 254
26 68
133 328
321 254
382 149
437 65
302 133
86 405
382 383
188 93
45 377
179 386
362 294
461 335
101 316
230 170
181 297
141 429
164 185
361 245
424 485
415 354
182 411
457 205
248 440
39 93
152 201
69 227
315 361
226 145
161 25
205 160
40 104
439 329
440 328
283 104
69 304
129 344
423 129
210 57
427 381
136 4
415 125
453 63
407 475
182 258
497 16
379 329
93 158
123 34
251 236
157 21
470 340
332 36
405 299
356 85
495 487
79 295
461 30
434 144
16 283
218 310
375 202
231 191
137 53
142 158
412 481
368 86
238 342
289 38
77 214
183 187
225 240
369 158
271 342
457 409
136 41
233 369
494 259
346 117
496 122
397 320
87 41
60 354
342 148
174 258
321 337
55 237
376 63
40 247
401 370
8 305
225 495
180 390
454 335
389 491
155 347
458 309
84 242
310 215
451 206
193 417
290 284
174 437
201 211
287 124
44 363
471 232
365 244
84 292
380 345
339 476
363 172
408 240
47 489
68 121
139 84
101 14
388 64
427 437
139 242
467 148
153 74
81 276
56 237
331 247
296 292
89 352
430 55
294 363
193 272
455 213
135 105
198 466
394 41
25 57
271 72
469 483
313 345
3 479
57 336
477 261
47 324
82 32
226 127
244 435
105 342
286 214
259 221
299 397
244 437
395 2
351 457
366 9
92 30
235 99
41 4
401 305
97 117
219 492
105 300
493 310
83 37
74 232
436 53
269 417
453 260
276 191
9 153
233 214
258 435
107 451
425 23
454 373
462 248
450 198
71 279
126 252
317 70
142 188
237 469
394 487
186 229
255 171
430 469
357 128
113 373
459 68
27 59
111 359
350 119
62 97
132 485
492 35
325 139
248 167
342 187
269 362
247 457
36 176
477 14
333 131
130 390
76 403
200 159
332 65
35 319
318 127
237 93
196 472
58 309
480 170
255 415
39 55
301 273
260 376
349 208
464 178
306 350
17 137
148 395
467 97
460 169
283 205
45 185
100 339
472 359
96 308
196 388
25 109
343 40
496 181
227 490
28 396
160 104
99 216
248 328
392 70
225 228
400 108
492 66
392 426
417 126
205 409
99 183
267 75
186 390
105 322
25 290
310 40
176 332
188 158
410 190
15 101
306 179
87 225
36 182
309 467
72 97
24 115
492 230
432 442
33 148
322 166
271 216
381 65
142 93
342 183
194 462
166 289
114 191
40 134
315 382
6 401
0 9
216 309
383 315
168 453
20 140
232 422
62 183
37 169
77 39
397 264
12 103
47 303
110 119
189 370
158 286
427 355
73 353
373 340
38 378
266 385
222 48
384 145
8 347
214 158
177 374
369 237
262 138
431 130
307 41
336 210
241 81
177 354
135 215
6 347
392 317
115 351
84 119
74 30
183 235
290 18
285 40
58 216
160 40
260 155
94 307
499 112
274 124
244 36
402 346
364 493
29 222
307 408
91 362
131 371
57 474
271 183
465 454
153 366
187 458
161 109
342 72
281 21
15 316
426 154
229 209
214 93
172 417
489 486
373 333
151 99
299 208
412 410
365 21
495 307
66 54
93 74
488 414
298 206
355 36
320 221
46 153
473 379
269 252
2 151
316 274
292 350
258 65
403 323
98 165
41 240
88 162
152 416
253 227
63 51
63 155
174 36
197 411
62 33
68 232
343 497
467 72
57 243
240 487
95 282
305 51
395 58
361 149
474 336
63 305
313 420
497 331
67 124
265 436
148 72
235 342
22 75
307 120
411 174
370 260
80 173
75 207
39 188
158 55
418 27
194 302
260 305
343 283
376 347
470 113
228 120
387 294
275 255
206 440
306 84
313 52
362 400
398 139
160 134
180 484
128 65
299 29
183 97
321 275
171 321
102 38
160 409
475 199
350 84
149 192
4 228
288 43
135 10
111 64
472 19
369 469
127 96
276 164
310 247
340 454
372 113
458 183
121 250
386 61
249 476
318 308
365 28
438 328
484 42
399 112
211 1
436 23
119 325
231 360
337 125
73 478
206 194
439 491
464 154
284 161
257 421
40 457
44 263
457 310
355 182
194 107
435 411
133 462
217 262
103 224
357 427
200 234
204 244
403 227
134 16
441 170
233 430
451 220
315 149
310 409
254 337
51 453
175 492
233 483
361 170
102 322
257 29
238 97
395 216
422 498
438 499
43 275
220 328
430 483
384 226
302 298
433 465
50 438
319 175
90 249
317 78
365 443
18 161
155 168
395 187
206 169
69 253
132 81
320 368
199 479
15 246
270 267
420 384
260 347
429 481
99 187
123 353
318 156
325 179
79 344
227 138
314 207
458 238
280 253
339 249
36 427
451 37
380 313
355 258
116 146
151 458
483 39
171 337
398 306
351 205
4 394
387 172
182 65
357 36
373 335
456 250
372 74
350 296
427 258
97 2
187 216
43 254
268 49
480 35
416 184
418 370
343 285
321 374
156 145
54 170
352 349
8 63
307 225
150 42
484 263
381 176
12 126
413 192
105 215
217 31
472 110
447 238
173 303
376 51
445 228
156 110
17 334
374 60
98 442
145 110
358 418
364 47
253 74
325 292
383 418
404 60
345 52
285 351
409 283
310 295
329 180
88 311
-1 -1