200
59 19
51 181
102 192
91 84
187 58
45 121
170 163
153 57
178 146
63 75
194 119
162 3
168 30
141 4
140 109
199 143
63 129
105 157
53 22
72 26
149 21
58 176
2 129
66 69
164 139
17 101
70 18
106 166
142 29
76 37
182 139
18 6
84 63
77 79
161 140
9 71
53 19
13 27
125 64
189 51
46 165
123 170
55 148
36 20
113 108
21 168
197 34
4 82
64 33
169 194
20 193
186 14
71 46
48 8
178 158
107 126
2 43
41 72
156 0
119 191
99 178
5 13
100 87
152 196
28 145
102 60
160 97
143 33
1 172
122 59
84 25
106 32
109 61
182 13
16 109
169 191
178 86
90 118
48 22
175 82
187 36
32 103
167 133
144 66
176 55
186 54
81 39
174 23
195 181
9 113
42 164
164 182
121 115
10 77
163 81
115 199
199 121
47 188
40 195
110 152
31 109
6 72
148 20
39 28
65 135
66 93
138 118
90 137
92 70
54 89
176 187
178 174
136 6
85 139
93 1
146 69
146 86
45 33
93 174
55 2
189 96
2 84
103 166
36 193
24 50
192 186
133 135
31 124
180 123
104 115
155 8
27 185
87 103
134 105
29 16
146 144
4 56
5 94
183 92
165 9
7 126
173 7
80 120
184 22
60 190
54 13
161 95
35 36
38 185
98 63
101 190
172 69
31 95
194 160
179 17
101 80
99 144
7 3
42 116
169 119
140 142
88 124
110 103
43 75
135 168
191 42
178 78
44 131
159 0
10 47
189 9
146 93
103 122
66 172
94 164
67 153
29 95
91 129
141 82
74 26
199 125
22 122
136 127
65 21
114 46
181 46
71 114
52 13
188 147
92 6
114 189
89 186
145 81
165 40
99 69
161 61
108 195
13 85
24 0
47 77
140 124
89 79
157 117
117 87
114 167
148 36
195 167
133 149
46 189
44 110
2 98
56 133
55 35
55 193
146 174
25 62
91 75
156 90
174 158
196 11
84 75
83 44
145 123
16 95
150 38
68 67
62 63
138 0
183 42
109 81
66 174
90 50
118 156
159 52
39 163
178 23
132 102
188 186
17 120
193 148
43 62
34 177
16 142
25 98
194 191
58 20
88 31
88 95
131 11
12 76
104 45
51 108
184 19
160 142
133 30
82 78
151 49
160 169
76 89
124 29
165 195
94 85
130 42
14 188
10 76
78 42
131 151
81 170
111 171
23 1
16 31
156 24
167 46
15 97
189 108
189 165
149 198
1 128
30 135
146 66
134 177
55 36
69 93
195 114
61 140
78 67
10 147
27 150
137 0
83 49
146 172
143 104
74 73
147 14
176 36
89 147
59 184
69 23
91 2
199 133
72 73
86 172
149 30
35 187
176 20
135 198
48 166
13 154
100 197
75 129
33 121
66 128
107 173
143 121
2 112
163 123
130 18
73 41
124 95
41 136
91 63
128 144
16 140
64 121
172 99
132 80
23 172
14 77
52 90
125 45
158 86
125 115
30 21
32 155
51 113
71 96
57 68
184 106
164 13
167 181
147 54
127 41
42 53
29 88
193 58
74 136
6 130
10 12
187 148
176 35
13 94
93 128
40 9
120 101
63 2
62 75
195 113
7 107
62 42
27 38
12 54
176 148
137 52
37 79
58 148
145 180
65 198
65 168
64 104
96 108
52 138
45 115
183 41
186 162
142 161
9 195
56 175
0 50
64 199
165 71
138 24
178 69
73 70
165 114
31 161
54 14
167 9
190 102
120 111
9 181
60 171
111 179
-1 -1