50
22 33
29 37
49 6
0 48
48 25
27 16
14 39
23 31
27 2
24 21
0 1
25 22
35 12
20 24
12 41
43 45
6 40
20 21
49 9
3 1
30 37
26 17
47 38
8 26
21 13
49 43
38 31
29 5
35 19
13 41
13 33
21 10
10 24
10 4
42 26
17 42
23 9
13 7
34 11
37 5
13 35
36 2
23 46
8 17
41 7
27 32
4 24
44 41
37 49
32 16
49 34
44 12
32 2
38 46
42 15
30 29
9 46
8 42
14 18
19 44
14 28
6 39
13 12
9 17
35 18
41 35
44 35
39 40
33 36
7 19
16 2
3 33
15 17
20 10
36 16
18 28
49 11
36 32
31 47
-1 -1