300
184 120
220 66
40 227
42 45
283 35
96 137
220 45
243 196
190 7
21 294
129 254
202 248
260 138
128 261
181 101
256 298
76 247
3 137
233 299
274 115
10 162
91 292
115 251
143 267
163 12
77 215
154 29
236 184
169 142
49 83
248 83
19 238
89 84
192 223
121 3
97 65
214 137
47 60
278 230
110 39
148 94
46 48
227 38
4 242
178 177
92 62
48 31
277 52
263 116
57 183
121 137
173 188
133 170
256 244
50 19
283 140
55 156
109 33
194 281
146 59
144 59
126 139
273 18
62 153
299 11
178 256
77 269
228 117
179 272
168 107
56 84
269 294
72 89
240 11
36 267
177 269
248 192
206 158
28 16
101 273
246 164
111 35
222 82
260 210
50 131
152 99
220 18
180 21
137 280
130 157
90 54
0 70
60 157
261 258
142 228
113 72
205 210
130 60
4 284
57 295
265 53
123 57
132 159
221 244
108 173
129 290
107 216
17 125
25 242
60 135
182 69
56 72
203 257
150 69
210 284
295 183
48 278
126 56
79 203
1 212
279 38
227 114
205 157
117 61
83 223
42 207
207 18
5 134
263 218
20 107
218 66
66 42
37 166
73 71
54 134
75 52
282 270
34 277
45 116
263 220
43 53
211 77
244 294
142 188
185 277
222 62
31 249
27 145
268 82
172 199
116 26
262 78
9 175
55 120
222 30
198 288
185 167
101 207
134 20
106 249
220 26
276 299
289 252
275 181
285 81
128 227
2 274
284 242
131 238
211 201
218 101
172 72
159 115
41 263
56 233
58 141
13 210
134 90
196 254
79 253
101 116
275 26
299 240
284 60
56 89
219 170
256 137
277 102
201 256
256 294
67 247
156 198
111 57
154 24
171 155
279 144
24 78
69 63
189 139
86 233
68 216
6 195
158 233
111 183
272 140
28 12
277 266
155 97
281 212
293 234
263 245
101 42
8 2
255 254
239 253
104 227
31 235
47 15
201 215
87 77
9 103
294 215
164 63
209 197
260 13
46 124
278 95
10 238
86 11
124 43
145 202
229 189
233 11
187 184
273 207
297 67
98 249
224 227
244 178
243 129
111 123
231 128
187 236
64 297
290 243
27 49
107 111
104 144
138 205
155 76
116 181
269 87
85 142
227 144
199 89
40 128
51 240
232 50
263 275
59 231
178 294
133 259
176 248
152 75
291 159
100 257
165 233
30 161
44 94
79 149
271 194
67 76
3 280
293 262
88 232
22 58
233 191
37 204
269 211
132 291
278 11
40 146
166 81
184 55
45 263
79 164
129 196
0 94
279 110
257 246
47 112
33 239
265 48
173 169
256 180
241 246
157 210
285 204
236 195
138 47
154 141
248 44
8 115
207 218
261 59
124 31
14 30
16 156
130 151
95 147
1 252
5 90
224 238
66 26
38 128
64 125
42 181
262 154
65 247
169 222
102 266
205 135
196 255
235 249
63 150
108 136
142 61
226 286
61 188
202 0
242 157
42 41
20 90
148 176
228 173
247 155
213 7
55 28
38 104
133 32
167 246
15 135
11 165
130 242
189 217
156 195
61 108
201 105
114 224
208 206
208 11
177 77
92 153
172 139
143 216
211 177
219 133
35 295
51 276
5 54
121 280
18 263
215 180
108 23
247 64
167 257
53 106
282 7
86 158
146 237
152 80
110 146
21 298
59 279
124 106
184 6
46 235
287 83
141 78
60 4
53 235
284 260
182 186
223 27
270 7
69 174
236 292
218 273
126 217
42 263
71 56
143 115
104 128
269 105
26 218
260 47
21 244
113 30
145 94
71 84
9 78
32 219
112 138
177 215
297 171
110 261
55 292
43 31
80 192
17 297
192 94
190 225
299 165
52 152
109 241
67 296
283 123
158 230
192 145
13 151
116 207
198 12
122 107
244 180
273 42
201 298
72 139
113 133
78 293
299 278
272 123
25 47
286 63
112 210
161 193
18 181
136 169
95 125
199 73
249 124
174 150
70 27
288 222
29 24
298 211
28 163
237 38
221 178
6 16
250 206
278 240
86 278
27 192
58 282
77 178
213 225
124 98
104 258
108 117
163 198
5 20
235 124
44 287
51 299
242 210
49 70
237 59
65 296
178 201
6 236
211 178
252 271
114 258
46 106
259 32
144 146
146 231
20 54
77 298
201 177
157 15
206 278
39 144
148 80
64 76
70 148
97 247
98 31
104 59
231 224
97 76
116 273
203 100
80 223
243 255
85 108
215 87
103 293
102 222
198 184
246 185
13 4
279 231
295 123
284 25
224 279
176 287
81 214
56 189
105 215
59 39
154 293
149 241
232 162
195 292
64 147
236 28
126 89
68 122
158 208
149 100
70 192
237 110
128 114
127 228
294 221
6 120
234 29
260 242
295 179
35 197
120 156
200 289
93 152
142 136
221 269
187 163
201 294
203 185
59 258
245 275
91 198
191 276
235 265
273 263
84 199
131 88
57 35
213 127
78 103
135 284
39 261
243 254
288 156
103 262
112 284
205 151
250 158
55 163
88 10
9 29
237 279
256 105
65 297
109 149
77 180
197 111
226 200
211 221
46 265
224 144
184 288
140 57
38 261
211 105
139 56
79 246
43 235
232 238
209 183
112 25
253 246
112 151
87 221
119 268
138 60
43 265
210 25
198 292
155 17
41 45
285 130
163 6
256 215
259 219
25 157
106 48
41 218
17 97
21 221
118 240
76 125
227 237
222 119
63 182
55 12
227 261
190 58
270 225
191 86
145 248
78 29
4 25
33 257
45 66
128 153
120 12
290 202
178 87
171 296
23 127
160 264
236 198
211 21
118 250
72 84
297 296
96 181
106 265
40 261
198 28
197 57
217 84
124 265
146 104
85 23
120 236
68 168
29 262
231 38
264 14
19 162
105 178
16 236
174 186
177 294
175 141
221 256
56 229
43 249
140 295
14 160
31 53
250 240
47 284
122 216
220 101
89 217
126 71
290 254
248 287
178 215
267 224
45 74
39 128
135 130
112 130
41 26
44 145
166 204
163 91
43 48
91 187
30 280
298 105
143 36
55 288
244 77
230 86
253 203
1 286
-1 -1