1000
688 514
935 774
928 876
167 202
57 805
803 866
58 758
15 806
940 123
788 79
529 717
197 461
16 67
684 272
931 332
395 333
750 424
524 465
6 167
284 115
749 794
390 851
618 221
570 566
776 191
319 563
176 31
919 490
155 440
211 129
136 939
64 642
512 962
538 965
663 256
631 907
326 88
257 299
767 822
372 558
675 860
11 640
372 514
76 747
184 795
553 701
680 522
921 916
514 283
512 946
91 240
355 540
943 471
316 638
711 516
562 666
81 842
901 392
5 2
710 281
711 947
849 878
296 981
236 725
933 675
878 178
2 430
447 601
925 7
144 267
570 351
185 225
342 457
542 865
21 608
40 204
259 384
625 322
344 913
872 806
336 72
544 489
899 16
362 100
663 557
427 705
434 109
973 645
511 823
367 179
324 500
315 100
333 41
865 957
123 877
917 727
522 816
490 314
486 223
80 502
210 29
568 152
754 463
808 508
476 447
627 860
503 436
378 924
294 31
853 656
538 693
432 367
741 601
49 205
776 146
221 476
220 568
914 225
751 378
402 304
667 634
703 734
782 605
679 626
742 432
555 175
257 58
235 364
359 633
95 150
975 199
446 777
821 700
885 463
397 487
274 395
566 209
680 192
532 176
527 785
416 770
334 736
680 51
352 436
670 650
227 433
569 204
387 249
877 394
346 200
980 43
621 681
391 987
711 596
885 531
381 674
498 620
568 489
239 489
568 195
317 343
756 125
399 240
129 138
496 68
815 185
83 188
954 529
40 957
539 732
364 361
940 391
43 651
956 871
364 696
494 32
823 120
710 782
52 267
705 101
937 897
378 189
159 269
109 484
555 754
64 680
166 760
440 5
297 890
624 400
590 312
53 18
900 383
717 11
307 435
363 362
69 66
217 104
664 986
279 73
518 634
224 882
31 95
744 582
909 480
832 139
336 128
683 738
376 536
56 569
524 371
919 545
539 303
555 117
11 65
99 72
320 96
776 956
131 513
794 790
582 505
456 271
987 2
27 949
408 576
132 70
381 886
155 539
461 589
567 827
384 228
648 100
624 139
68 911
756 390
100 265
509 872
448 309
927 802
873 266
970 859
507 375
586 847
64 875
944 23
82 107
479 397
411 646
60 142
920 965
59 753
151 744
452 191
165 895
585 967
945 531
767 628
861 426
960 333
819 604
783 913
636 9
17 876
604 674
32 74
710 445
63 269
339 882
901 393
355 445
69 934
881 424
525 406
701 146
365 829
489 166
922 800
52 616
558 484
927 897
730 739
475 253
315 114
510 547
995 740
596 63
817 768
772 579
694 297
896 187
41 484
670 456
301 866
483 644
94 221
952 835
212 297
289 335
365 821
283 274
709 914
829 561
466 998
563 402
793 477
349 21
358 88
531 685
432 379
954 35
699 190
819 674
930 947
650 886
235 136
424 365
396 519
575 763
307 282
227 324
667 872
105 612
593 3
872 434
215 144
882 195
933 920
646 410
138 902
962 946
798 584
138 439
746 781
896 669
646 478
121 923
265 794
605 43
882 616
810 4
784 819
434 395
58 113
605 64
769 201
315 529
476 938
509 212
684 989
904 17
501 459
515 902
371 220
766 365
563 304
667 372
109 514
416 687
63 61
164 643
265 310
116 319
700 881
810 665
956 701
430 940
836 705
527 547
805 797
237 268
129 53
412 222
42 332
195 239
670 381
64 847
640 671
987 153
634 688
475 441
253 840
482 431
121 786
351 480
845 170
533 80
829 424
704 381
808 754
21 155
892 325
739 766
726 480
62 375
823 583
430 440
832 920
803 382
499 527
915 424
838 843
716 44
221 741
648 35
965 173
491 153
363 954
602 280
674 36
4 498
781 720
479 487
819 381
61 387
568 52
160 666
564 17
367 910
143 770
230 263
347 457
214 279
175 661
379 367
553 562
886 286
531 770
642 540
225 13
97 76
845 99
769 24
751 174
349 987
22 534
235 125
761 436
191 9
799 265
441 684
304 950
574 83
466 740
271 286
899 261
835 74
174 835
370 641
177 125
452 623
472 137
25 904
822 702
414 474
696 413
811 31
317 632
566 726
825 57
452 75
543 594
283 395
685 85
475 989
825 192
520 241
939 235
712 311
710 192
201 52
928 766
523 406
108 450
829 750
907 521
143 659
844 836
95 581
942 135
798 203
645 819
879 553
462 594
145 862
108 420
144 465
465 882
232 705
259 668
64 43
948 687
416 659
13 74
513 625
242 467
945 127
148 583
160 778
163 4
627 99
489 524
222 432
664 729
383 932
541 240
846 66
626 120
776 778
468 949
410 808
924 185
300 868
251 218
508 58
964 317
641 325
31 180
656 322
833 680
834 952
666 75
263 705
298 613
228 407
444 54
410 555
754 175
955 301
386 116
165 878
113 463
433 415
15 41
462 455
442 973
162 308
891 601
143 831
778 669
857 925
340 855
410 341
262 861
916 693
837 238
646 175
75 168
416 831
963 47
45 710
783 699
420 496
488 900
116 950
965 860
466 82
872 694
363 331
944 787
808 970
478 117
786 12
802 17
1 996
260 264
934 855
365 876
651 355
862 307
693 971
36 381
697 594
818 450
938 857
446 381
176 811
812 67
996 331
16 413
485 857
276 261
366 102
428 114
608 491
601 618
744 523
508 970
451 561
535 750
397 159
822 420
516 387
571 556
879 956
199 666
963 976
40 488
515 53
698 810
877 440
562 962
339 371
568 24
815 174
266 246
28 527
888 956
756 812
352 112
506 781
231 515
522 64
997 815
508 219
200 106
969 70
840 19
140 971
509 688
968 4
672 128
445 57
959 902
986 545
18 129
453 557
531 659
553 871
413 276
692 442
888 636
49 258
933 436
733 659
807 504
657 371
473 254
544 215
81 270
881 766
989 563
314 126
391 430
300 935
155 987
312 433
108 597
384 982
943 992
449 543
857 618
956 553
972 663
341 970
468 27
539 394
533 771
318 677
561 365
287 884
385 474
815 912
555 758
549 760
597 420
410 219
277 821
104 835
60 296
679 260
512 191
85 152
16 851
411 257
951 728
512 778
569 383
270 507
150 543
707 354
15 395
555 196
642 651
73 767
751 912
630 833
905 807
632 491
132 511
467 422
753 154
586 552
465 635
848 21
106 955
185 104
17 750
411 691
501 249
805 192
562 896
238 873
699 728
528 995
419 839
356 293
443 100
596 459
716 412
578 89
602 507
563 116
483 92
668 425
772 276
298 914
324 908
818 242
273 925
16 756
120 382
960 434
423 817
701 888
810 968
251 789
849 118
148 737
818 68
668 407
423 958
209 820
945 687
490 729
117 299
153 430
552 281
791 430
617 676
645 446
898 622
165 118
451 365
590 158
377 16
535 17
390 812
751 189
376 478
634 960
403 50
896 946
278 338
665 163
609 880
257 196
261 772
751 683
252 630
521 631
634 212
449 403
434 677
860 735
976 47
595 164
761 860
266 248
802 743
922 818
96 327
104 751
113 661
587 490
249 128
405 464
27 543
562 636
824 0
882 239
855 559
128 269
62 81
840 572
213 782
747 963
851 361
752 947
29 401
747 409
549 152
382 511
696 125
849 506
227 590
70 311
153 732
986 852
359 556
108 922
504 748
110 29
21 940
924 914
306 155
972 557
937 928
85 940
29 744
742 910
109 297
890 688
219 341
783 951
125 899
478 941
649 183
55 340
444 325
133 392
85 110
146 888
653 408
948 733
134 128
650 36
718 19
850 230
45 213
942 255
92 887
599 953
863 277
581 294
564 897
570 209
36 446
919 587
587 398
372 234
477 418
531 389
638 472
297 960
184 713
365 535
699 767
859 341
506 746
116 77
489 52
912 189
767 279
650 442
387 323
946 871
167 800
827 379
801 988
3 329
165 223
61 385
789 557
132 548
906 350
708 978
509 41
219 536
320 983
859 758
309 258
548 38
387 63
210 582
445 586
15 890
805 651
769 489
535 561
538 920
229 986
524 215
791 349
277 745
277 904
346 148
740 217
41 318
400 86
452 562
770 733
25 929
47 76
750 863
467 202
882 549
613 835
675 170
428 640
440 317
340 559
806 372
84 291
758 691
208 796
139 98
517 204
588 230
120 803
745 802
510 527
812 261
294 27
435 78
442 645
563 497
712 264
923 787
929 927
879 512
170 916
519 46
750 561
58 478
834 835
475 319
756 498
847 552
691 661
720 976
250 615
299 941
552 445
7 273
470 295
364 136
549 215
289 734
137 289
21 440
158 71
565 621
835 225
570 313
881 743
691 175
913 767
75 146
683 613
241 985
773 818
299 754
198 492
385 487
167 68
167 450
451 743
410 478
48 327
522 213
166 616
3 449
283 558
909 193
311 120
508 758
968 991
18 439
908 590
400 172
536 808
989 77
458 217
561 904
842 270
622 890
792 431
691 808
76 849
329 462
600 990
89 854
234 509
326 951
196 58
855 69
950 319
295 0
549 769
940 877
277 897
402 475
456 446
194 567
596 397
929 745
456 973
675 348
877 343
968 262
556 337
245 693
73 783
215 760
505 523
871 636
344 728
2 759
915 927
570 39
566 193
730 365
283 234
371 769
369 724
216 466
376 113
104 189
968 698
987 632
152 26
30 323
623 946
415 334
163 342
750 25
938 221
543 462
157 415
803 969
842 839
456 286
610 323
201 549
323 269
683 217
657 568
188 644
175 117
876 766
262 762
239 524
50 594
638 836
603 454
171 186
53 439
143 687
669 775
46 858
175 536
579 276
274 558
271 819
833 980
127 531
482 147
891 925
841 444
463 646
733 389
469 353
232 83
972 789
478 341
73 728
743 766
557 251
313 566
897 876
791 539
123 391
895 849
268 974
688 234
13 458
580 156
809 206
483 654
969 679
176 180
148 106
414 336
155 2
34 599
746 747
736 157
882 152
605 651
962 776
583 737
62 438
967 587
160 879
794 901
925 601
94 275
764 471
532 811
903 706
330 620
120 679
90 145
953 706
931 44
745 424
941 58
301 148
518 872
579 899
824 288
114 671
50 949
306 2
225 912
654 427
168 452
883 554
910 978
212 274
573 119
168 512
211 292
559 534
659 127
680 847
14 546
811 95
32 924
581 811
979 400
136 756
51 825
970 376
558 872
724 868
821 730
194 111
627 761
670 286
79 513
954 315
217 952
378 815
492 615
95 462
185 952
310 790
616 830
489 201
778 962
91 122
217 32
474 269
109 283
774 421
600 473
165 76
828 993
191 168
338 78
659 687
946 562
555 376
560 832
514 41
371 24
269 479
90 78
531 416
286 973
45 43
35 65
199 814
871 879
252 816
59 652
844 208
12 695
543 867
954 331
656 788
756 67
463 691
666 776
517 865
739 365
292 959
182 983
146 775
488 569
196 970
206 722
61 610
980 710
585 678
191 553
193 351
453 789
997 32
507 62
117 376
713 133
149 765
299 691
417 718
636 146
418 702
518 890
241 198
113 646
642 980
874 368
699 73
66 22
886 819
252 847
697 462
355 43
897 832
327 236
403 543
743 745
554 607
115 911
534 340
218 715
439 292
165 720
634 372
758 478
552 57
937 929
571 614
801 537
249 269
376 691
249 479
942 448
89 931
142 992
449 95
692 777
539 987
152 267
324 71
66 934
348 436
481 894
199 435
143 416
613 378
219 555
23 994
259 85
494 613
516 487
630 642
358 951
676 233
913 279
515 138
492 520
225 997
946 879
986 967
849 976
564 745
785 510
598 725
322 870
254 460
411 478
869 902
746 895
112 971
361 377
937 821
466 712
507 280
657 239
139 515
89 111
202 6
540 825
730 424
43 586
299 808
432 89
173 860
909 209
544 339
371 568
88 344
834 189
548 866
672 414
788 322
10 788
562 512
524 830
368 999
390 261
92 154
901 856
131 853
335 247
754 341
272 441
351 726
549 195
0 288
83 652
313 351
485 476
744 685
161 547
399 589
407 20
733 127
730 927
418 942
413 756
941 175
777 784
619 641
192 552
915 277
708 931
949 37
306 877
879 191
437 162
675 920
639 722
265 804
428 331
112 920
759 343
597 818
931 864
984 380
784 85
173 140
623 669
214 792
87 321
173 920
220 616
45 355
828 8
26 465
961 507
319 402
275 7
863 915
735 170
117 410
641 905
941 859
140 348
115 773
646 808
639 633
63 610
979 139
667 395
892 444
950 272
491 343
997 104
825 252
449 593
492 250
592 977
844 290
553 187
360 141
960 234
16 345
190 344
592 222
488 932
956 623
888 553
293 653
41 518
710 43
555 646
440 608
830 657
403 593
987 5
344 783
216 246
688 484
390 345
529 640
891 857
551 578
195 830
450 115
317 394
690 617
224 371
928 451
127 831
298 683
32 709
512 775
359 809
333 514
806 667
775 778
118 976
429 742
785 161
929 17
508 691
858 84
256 757
2 791
957 383
390 413
353 444
111 429
211 869
904 829
635 339
623 701
212 890
495 414
199 338
889 597
565 279
962 896
349 394
274 234
869 439
630 816
372 677
99 761
389 143
831 389
533 520
925 302
785 547
760 239
772 345
518 667
275 302
2 317
929 915
859 410
135 49
32 683
934 55
313 193
886 645
446 819
847 642
691 754
769 215
920 170
940 155
99 352
249 672
26 52
345 899
64 630
937 25
20 779
243 284
86 979
326 913
829 743
177 696
181 781
388 612
494 751
917 748
95 455
270 464
716 332
843 998
573 755
298 174
620 861
474 63
336 487
727 880
604 36
74 494
671 363
7 221
175 478
730 17
518 297
72 675
366 325
207 214
342 926
67 361
929 897
933 173
283 333
332 89
252 43
493 681
244 780
735 921
104 458
986 729
424 561
897 863
219 257
804 878
883 186
864 854
799 749
882 524
544 220
882 220
534 934
616 568
195 524
55 534
303 317
730 802
90 282
24 830
892 366
344 699
712 803
759 877
941 508
697 27
253 272
998 602
403 3
492 241
899 390
683 815
361 899
487 947
903 906
370 204
134 285
693 860
74 174
377 177
460 614
877 608
781 878
70 301
318 297
712 120
899 276
579 345
191 962
533 183
158 500
932 56
205 135
305 917
685 401
651 281
421 606
851 756
948 127
498 861
272 304
660 244
585 919
615 107
64 651
562 623
779 226
631 985
17 928
261 16
668 20
115 597
766 904
752 128
890 274
666 512
183 198
225 104
509 960
51 875
998 438
775 75
106 346
358 628
297 234
303 306
51 355
769 339
333 297
594 867
28 547
569 957
584 241
243 242
420 6
530 354
342 620
805 252
30 947
195 52
126 678
490 266
323 61
173 352
507 842
325 841
273 447
181 118
746 47
721 893
587 314
426 4
958 660
479 672
630 540
458 815
161 510
592 332
434 509
311 823
43 782
773 422
608 2
581 50
112 503
535 904
174 458
803 737
603 528
407 714
686 84
927 743
389 770
192 522
632 123
55 69
598 96
731 389
851 939
476 273
514 806
876 829
666 287
372 518
635 195
429 578
191 636
532 593
375 405
410 536
626 955
938 891
329 150
641 102
816 213
863 17
874 328
929 743
701 9
552 642
582 401
523 29
7 302
802 739
960 15
669 191
730 25
465 785
409 895
900 56
402 253
465 220
925 618
536 555
380 454
362 671
297 688
113 970
862 186
502 124
916 245
624 98
692 286
930 711
816 680
28 499
638 208
888 623
892 641
66 340
302 891
865 40
928 25
8 337
314 678
316 188
58 117
881 451
822 666
446 670
886 973
290 836
176 462
858 37
697 403
215 489
169 858
602 961
548 148
908 433
555 691
446 674
324 157
76 720
731 531
895 97
10 853
937 373
207 719
611 141
372 890
271 442
558 333
802 897
109 274
299 175
822 612
115 467
784 446
89 367
18 211
778 666
495 159
225 709
341 555
171 862
30 285
610 385
455 50
348 860
865 56
967 229
737 106
762 342
484 297
201 657
448 793
604 973
357 764
192 847
2 303
334 312
823 260
513 658
394 632
904 365
216 673
398 729
416 731
836 796
657 760
871 512
189 835
552 680
969 626
894 893
316 289
364 390
731 94
835 298
875 805
863 535
196 758
484 15
161 28
888 9
964 491
235 756
526 305
210 685
39 820
555 661
390 177
784 271
297 274
907 198
485 302
571 119
882 568
618 485
579 361
692 36
455 581
638 705
249 516
680 782
45 642
545 664
561 937
339 239
618 302
932 957
963 655
882 52
770 659
928 863
262 991
78 883
738 458
730 561
689 850
94 570
345 67
889 420
740 813
220 239
852 332
936 588
623 776
841 843
877 303
534 69
130 265
691 859
474 61
239 201
468 449
876 927
984 611
644 472
434 518
485 7
604 692
115 966
342 810
956 778
689 263
691 58
182 328
109 234
93 870
129 439
998 775
980 281
494 378
41 872
677 890
172 624
734 472
187 146
455 150
299 970
410 113
182 998
752 501
279 88
197 122
38 712
924 104
564 876
628 728
542 40
427 644
919 398
125 377
308 248
299 411
613 74
303 349
192 630
616 267
604 704
278 814
411 508
651 51
522 552
816 192
825 816
379 578
614 577
669 187
150 294
661 219
978 854
75 512
937 289
195 152
494 952
848 153
42 977
999 96
257 808
548 737
635 524
404 884
134 249
246 437
201 166
698 926
77 572
328 598
524 267
84 37
690 550
546 575
442 777
959 18
568 201
568 239
566 480
645 674
496 243
37 291
341 117
882 24
901 310
251 663
657 267
480 209
272 116
549 220
412 854
301 120
889 202
858 291
892 102
385 30
938 741
190 767
30 487
963 720
322 10
517 900
92 289
959 129
182 918
909 726
397 516
941 376
175 411
94 445
649 124
376 410
875 833
385 285
852 827
564 739
983 918
674 650
33 718
885 67
69 559
372 694
572 441
173 503
993 765
821 564
425 982
46 396
495 474
558 518
72 245
306 539
486 506
808 219
936 263
955 148
66 559
744 401
160 962
61 672
738 189
80 521
147 530
628 699
716 42
554 475
9 562
155 759
680 445
769 52
897 535
882 26
567 864
991 347
325 54
829 937
633 755
723 898
709 13
977 578
997 494
708 827
540 522
881 745
840 441
627 538
284 167
105 388
185 997
657 24
791 306
418 448
843 325
768 404
661 941
896 879
179 708
815 613
420 115
173 112
402 441
745 897
811 265
34 893
703 654
560 218
756 939
915 561
458 914
945 659
820 193
417 497
888 962
304 417
766 700
117 463
9 168
707 981
378 225
960 518
427 92
433 590
86 98
522 586
763 682
16 235
681 288
857 447
109 667
592 827
626 346
962 146
137 92
658 93
441 386
629 460
595 905
283 41
628 279
67 364
897 928
95 180
50 532
139 400
643 526
784 692
226 407
692 704
941 691
846 559
419 464
232 638
311 301
991 163
904 730
347 426
914 751
945 733
361 772
791 123
177 235
752 61
676 279
714 425
478 196
329 593
711 459
27 329
360 14
82 584
13 835
37 686
274 514
208 232
700 277
555 463
684 497
159 459
277 564
506 976
908 334
353 841
153 964
447 302
832 392
227 334
484 509
113 941
773 167
864 977
553 896
323 385
534 66
871 9
876 863
835 738
570 820
921 503
469 838
568 830
847 875
282 171
890 333
739 451
738 924
561 743
47 223
925 938
586 605
809 993
190 358
743 863
85 29
151 505
871 562
627 140
452 871
201 152
13 174
696 772
946 778
59 101
36 784
820 909
119 662
259 898
371 201
710 213
975 435
753 289
712 382
242 773
745 927
136 125
228 982
876 535
610 752
949 31
349 877
683 834
237 393
845 140
457 330
371 489
879 776
788 870
73 344
412 432
948 143
754 941
915 937
299 478
525 505
285 752
295 621
729 126
125 16
908 736
913 628
513 322
286 784
553 452
267 371
535 277
5 791
852 578
213 833
630 445
413 899
704 777
228 714
907 771
512 636
463 808
245 735
333 212
94 741
559 934
341 646
438 280
977 194
377 696
113 691
131 10
365 863
470 565
212 318
638 101
498 665
969 511
606 591
960 484
909 570
56 488
439 959
795 974
766 564
86 624
765 998
562 776
451 564
750 897
87 156
890 318
204 56
859 411
780 287
420 467
912 185
564 561
561 821
496 818
43 552
926 163
855 534
989 840
932 517
705 316
279 699
863 937
476 302
865 204
450 889
806 109
22 55
829 277
317 5
684 77
466 94
297 41
518 109
867 593
540 445
732 491
558 234
677 274
178 76
151 525
400 998
462 3
274 634
938 273
19 103
155 791
336 479
301 200
36 777
491 306
778 871
816 642
357 541
926 262
881 739
842 998
627 348
762 665
381 645
143 531
520 502
990 473
922 115
997 709
745 17
298 997
192 875
730 277
637 612
288 295
819 692
496 422
600 629
379 551
912 683
646 941
109 509
916 971
766 821
318 960
888 946
895 76
647 639
849 165
965 436
176 697
297 677
436 99
719 399
181 409
465 769
257 661
35 717
757 972
846 855
695 350
212 518
678 919
259 779
313 39
429 852
330 991
57 540
391 306
665 457
227 846
468 811
558 688
259 226
661 970
782 875
98 172
681 824
924 815
292 869
224 760
525 523
535 424
250 771
62 280
6 966
255 418
24 52
703 59
13 751
427 796
242 68
39 209
496 202
652 644
881 928
583 38
242 922
349 964
302 938
82 502
552 980
281 57
213 847
636 160
110 505
946 956
217 13
642 445
232 335
500 157
457 810
784 381
748 591
620 163
225 751
352 348
294 543
489 195
806 212
571 149
324 334
409 165
188 796
486 165
174 378
282 186
393 856
371 882
374 247
320 48
695 953
449 697
405 270
430 964
646 58
502 203
596 610
370 79
922 889
395 484
508 299
280 375
469 366
851 364
767 728
994 537
324 607
154 101
34 721
264 679
25 766
622 723
896 888
758 299
579 851
565 0
512 896
481 988
850 263
833 825
887 374
781 747
217 74
180 543
700 927
369 609
410 175
190 326
235 772
428 717
258 135
655 178
188 574
38 826
284 922
486 720
395 109
395 688
17 881
625 658
805 980
932 865
356 550
775 168
503 99
386 572
437 238
875 540
215 267
637 388
775 562
253 103
618 7
712 346
144 26
58 859
966 800
825 805
536 299
273 857
793 135
42 910
576 321
74 378
632 539
902 439
505 744
296 197
718 840
757 453
682 995
45 281
942 309
608 343
497 386
70 260
506 47
790 856
74 924
647 577
718 475
572 497
601 273
720 118
225 815
173 245
957 542
861 457
904 424
341 941
722 662
672 269
766 802
1 315
811 329
486 97
937 881
210 406
368 994
283 484
416 389
580 233
584 80
837 673
479 459
18 292
916 845
878 747
623 75
-1 -1