500
354 335 288
335 128 350
335 198 238
16 335 169
198 438 162
335 370 246
427 198 198
354 95 318
95 464 470
373 427 344
396 16 114
184 464 121
466 128 424
466 412 271
111 198 145
338 184 222
198 225 106
316 373 335
466 32 394
184 123 25
198 447 14
95 69 64
89 464 441
157 370 230
370 371 222
128 206 349
41 396 171
31 338 364
91 373 53
206 473 493
484 111 196
189 447 260
111 204 459
69 5 203
371 129 101
257 157 251
447 50 277
125 257 32
338 100 452
111 439 327
31 320 82
316 358 27
200 370 344
444 338 484
320 205 78
111 431 63
444 159 127
335 260 278
225 70 368
91 343 458
204 403 297
371 387 275
111 404 391
74 31 98
36 95 151
371 435 426
253 74 50
58 343 161
122 205 400
111 310 327
36 196 180
41 270 7
348 32 464
41 39 447
344 335 252
402 111 393
157 433 420
335 192 374
188 358 91
316 321 389
2 464 73
171 348 139
371 289 127
253 137 322
262 371 124
125 309 468
205 268 138
373 35 191
77 396 490
355 171 171
307 435 186
188 400 407
427 167 316
252 343 120
74 301 321
290 198 241
356 159 45
41 55 500
488 439 162
237 396 486
37 70 117
165 402 276
444 413 49
31 240 396
307 127 275
209 159 113
412 422 61
262 110 414
56 206 467
239 370 464
442 239 377
373 152 357
499 321 383
27 396 223
77 121 215
17 70 376
42 412 371
129 425 98
413 351 285
55 352 422
361 442 369
195 431 314
135 206 397
35 275 300
85 373 344
169 343 142
431 388 133
192 238 191
366 484 138
428 91 295
194 200 235
328 403 43
167 306 492
255 200 372
55 13 9
421 428 295
231 442 128
169 64 491
397 55 167
85 386 290
484 249 325
411 157 47
479 198 271
10 466 32
43 499 410
160 421 375
385 121 150
0 192 208
239 116 169
495 328 116
140 192 276
262 471 494
69 457 41
301 265 256
398 77 34
392 157 200
15 10 23
163 58 424
142 74 366
41 45 299
64 215 133
420 351 436
424 495 307
209 38 426
398 244 413
25 37 496
225 133 394
365 413 228
385 264 322
362 0 67
244 496 188
265 273 24
290 441 13
193 160 416
29 91 495
43 96 274
128 98 488
346 184 302
3 361 42
15 341 357
408 31 48
401 370 408
257 375 393
451 365 223
495 474 345
2 14 242
242 270 429
230 356 151
335 325 455
45 59 312
275 277 134
488 241 345
51 338 353
354 130 377
142 437 159
345 209 90
183 5 39
138 39 450
37 207 17
4 451 162
29 236 301
328 266 226
454 428 50
175 50 433
164 43 50
262 407 200
411 227 452
183 90 471
453 5 138
277 383 362
199 437 408
497 290 83
195 150 277
407 359 369
3 44 356
424 24 199
343 107 87
90 81 465
326 444 61
340 74 362
277 144 275
373 376 362
424 395 283
491 64 341
264 131 33
411 333 384
428 475 105
112 231 231
376 393 35
430 333 58
457 19 36
348 247 50
93 383 62
78 51 371
236 384 365
320 82 158
418 36 238
247 180 170
58 291 329
454 314 200
499 493 490
290 48 387
6 116 396
273 283 206
45 271 151
141 375 123
412 405 433
396 308 128
202 129 421
426 121 179
209 177 204
229 428 168
272 291 150
356 72 260
243 230 361
109 270 65
247 60 378
417 264 140
177 155 130
6 28 268
400 33 125
114 33 153
96 179 348
473 460 468
131 339 257
351 399 170
75 74 33
83 36 89
266 322 228
337 420 75
402 406 421
443 435 418
84 96 122
461 430 404
483 112 42
54 5 169
380 59 55
11 257 198
313 133 266
471 8 274
79 383 320
256 483 164
182 69 484
437 450 27
403 46 146
438 329 277
28 498 479
391 193 452
33 40 136
441 146 391
331 78 416
312 130 411
232 493 14
189 381 303
56 108 422
480 192 89
304 167 357
434 79 118
319 160 486
347 412 438
34 273 165
151 35 164
430 246 242
477 19 335
492 157 431
386 201 207
230 452 201
9 427 435
16 458 490
327 396 29
489 275 471
397 211 312
69 22 186
302 461 176
351 94 267
415 479 262
200 87 362
113 77 448
234 238 414
103 151 5
460 285 92
172 137 181
41 233 450
27 364 213
450 468 397
319 23 333
438 470 236
250 194 322
386 394 372
456 479 62
435 18 419
120 46 384
321 80 176
165 139 216
163 459 498
294 11 470
222 17 315
145 387 180
91 409 3
390 242 378
493 148 221
83 178 453
445 409 128
78 181 479
75 353 415
372 327 487
208 362 81
66 109 109
300 16 275
465 396 498
434 303 386
187 225 492
362 197 38
328 382 387
87 226 160
439 263 168
487 236 146
287 262 128
278 15 313
434 156 95
276 466 470
32 429 223
271 47 430
334 381 294
334 221 98
65 163 305
143 238 411
481 231 228
86 51 316
129 299 28
257 170 233
357 326 395
326 136 83
2 472 70
167 117 395
281 199 360
42 485 368
374 477 361
455 352 284
182 261 422
143 486 34
369 338 278
113 162 208
33 166 379
334 282 80
7 135 185
435 251 500
479 106 411
403 279 480
30 402 346
220 493 446
306 12 190
49 443 156
278 176 180
177 57 298
40 20 85
297 335 246
440 139 428
315 250 235
439 104 175
53 492 316
214 266 493
216 485 300
15 482 51
348 311 262
448 374 175
224 216 87
383 318 275
324 108 346
386 210 463
347 118 30
297 223 347
100 269 477
98 217 372
123 218 376
415 292 493
132 18 487
180 97 187
274 320 263
442 476 498
212 276 130
119 388 18
1 117 453
248 402 77
219 445 114
134 395 282
133 410 457
71 281 71
452 99 258
298 415 481
388 494 346
432 370 135
485 259 75
148 158 447
235 299 109
245 427 115
203 381 204
66 149 397
382 419 207
441 286 255
327 295 141
323 5 100
42 414 51
236 449 484
492 342 185
133 254 94
462 39 110
116 305 199
76 82 338
197 378 375
477 360 344
190 99 484
463 325 268
478 94 149
192 416 232
368 289 46
92 341 342
138 389 305
131 446 492
164 68 3
60 61 48
63 108 190
38 350 169
194 377 89
435 296 370
258 424 243
223 367 261
423 133 315
124 422 389
67 32 298
330 454 353
379 387 372
133 185 21
25 174 14
473 115 181
1 62 55
379 436 262
288 220 20
266 467 374
38 173 456
10 52 68
88 321 474
267 22 412
317 431 42
94 102 229
27 469 407
412 336 103
147 496 154
79 168 50
280 366 32
151 73 27
353 293 152
109 126 414
21 86 377
363 306 7
349 237 349
161 166 234
284 201 316
186 397 15
146 228 341
281 191 445
177 332 134
258 153 361
253 105 198
321 154 260
490 246 73
101 112 269
213 134 54
264 26 489
351 294 17
289 154 43
254 442 23
256 104 251
447 404 433
251 476 273
293 104 333
362 181 321
445 294 39
350 331 159
479 379 459
349 125 245
157 299 285
91 103 483
212 239 469
303 369 434
341 498 117
182 467 495
435 494 431
494 395 427
106 18 268
341 133 130
273 373 91
433 493 193
428 243 248
21 49 459
425 208 95
402 267 61
160 469 496
34 380 247
394 190 399
312 17 304
160 237 176
385 367 221
234 200 210
442 312 207
48 157 281
324 96 300
451 153 269
271 178 360
368 178 277
441 175 213
17 339 139
316 203 93
395 384 305
324 206 288
392 430 2
63 413 290
490 365 338
418 485 388
398 149 207
217 307 219
452 457 287
72 189 424
100 187 436
427 50 51
308 35 115
167 148 39
201 21 416
384 274 41
419 35 423
300 433 360
56 93 97
437 135 294
245 257 287
28 175 497
158 429 184
90 494 7
458 227 115
280 289 359
305 201 74
348 191 11
446 86 90
264 472 96
102 173 394
200 160 155
380 257 3
416 103 124
365 97 67
265 336 61
406 404 318
110 277 18
436 207 470
214 434 464
99 217 468
179 161 391
408 205 247
117 180 451
352 99 32
201 344 231
166 287 492
200 420 388
183 218 309
499 304 447
6 355 260
272 173 316
110 4 296
451 265 379
433 469 283
464 255 464
335 148 391
414 270 423
6 273 79
83 106 417
266 89 453
130 443 203
392 482 147
456 277 172
475 315 250
323 493 248
116 360 409
8 310 41
80 118 356
304 158 22
457 425 52
319 451 251
392 139 263
91 288 392
409 45 462
60 447 302
342 104 294
459 38 70
226 478 109
227 285 460
356 294 299
338 296 475
367 297 67
35 223 428
23 459 233
453 92 478
208 313 63
182 200 85
223 241 275
15 256 48
412 331 67
174 123 305
457 6 92
482 446 36
90 51 93
200 191 476
107 137 1
100 433 364
441 125 412
84 184 207
455 207 301
48 89 326
302 138 97
341 339 66
90 421 146
330 311 469
75 499 69
260 247 390
207 116 29
177 463 176
206 303 173
134 408 44
257 18 132
475 256 360
53 283 304
193 461 195
30 70 16
36 438 108
71 368 208
17 28 465
31 445 220
387 90 423
152 59 201
32 65 229
4 131 203
331 473 54
123 342 389
347 38 307
113 470 208
219 346 157
391 463 250
74 225 259
114 199 248
359 17 428
255 496 166
478 135 395
478 130 61
285 80 76
403 421 84
109 358 448
426 174 94
59 302 326
144 187 103
184 98 143
15 361 144
126 412 94
50 401 250
137 299 486
94 476 381
337 471 181
279 214 363
187 210 204
138 15 333
381 291 200
47 16 343
429 230 486
146 338 247
343 439 6
481 55 45
77 181 476
10 400 345
484 280 75
485 286 250
383 477 32
102 68 174
429 225 70
75 198 102
402 145 376
346 247 411
167 212 171
314 210 82
230 473 40
335 404 365
159 309 49
462 49 418
324 118 442
44 496 277
181 249 325
350 231 255
275 82 148
99 314 378
9 275 88
418 369 20
96 455 462
274 484 264
400 409 58
31 133 259
271 218 247
484 113 309
13 68 473
347 332 200
101 7 452
269 284 12
10 160 147
30 92 471
22 75 207
226 368 54
349 310 87
410 313 454
254 155 8
169 11 315
78 332 229
225 174 190
97 283 28
492 39 225
386 287 283
462 90 197
184 344 361
336 380 259
480 360 398
425 22 283
141 308 61
407 156 459
66 167 365
254 200 199
84 73 27
210 436 350
91 422 67
352 326 461
463 428 455
364 389 393
459 438 152
50 383 347
458 383 37
300 251 174
438 440 348
344 251 233
219 301 434
428 162 115
363 384 116
348 197 447
377 353 291
342 204 262
203 4 456
214 437 441
335 498 273
442 280 476
34 289 284
332 262 277
86 435 489
257 213 248
43 334 95
238 478 225
435 155 496
8 197 146
232 64 465
183 130 120
240 257 414
137 393 255
63 333 116
104 109 360
183 458 423
210 92 343
494 60 330
462 73 1
185 214 434
311 472 52
256 162 197
305 38 426
272 47 143
117 370 99
191 220 89
356 330 448
350 245 28
168 386 391
96 15 477
36 415 53
155 304 6
7 221 124
287 126 314
103 28 119
368 363 228
136 100 122
353 346 433
475 270 452
121 364 3
43 471 321
169 363 434
358 199 411
144 422 306
496 270 236
114 15 443
332 193 365
63 292 211
369 477 490
365 279 121
14 288 242
6 413 354
135 201 281
220 298 497
286 55 445
209 483 415
101 9 104
261 284 139
229 289 465
352 260 260
346 91 74
11 348 320
128 297 266
457 22 68
137 155 249
425 391 172
16 410 465
253 295 202
4 394 75
279 55 130
76 115 69
275 366 380
308 295 89
494 419 406
292 70 197
303 219 124
474 265 97
35 300 157
174 455 285
410 431 360
9 203 496
367 173 36
74 13 318
35 167 160
303 309 352
244 310 216
469 424 73
402 21 420
154 38 463
435 160 270
121 215 93
454 35 359
460 38 98
277 405 369
464 350 80
151 71 142
306 197 183
497 72 342
12 370 97
493 263 276
183 109 223
23 485 81
307 255 99
472 226 173
19 476 240
281 367 458
426 333 189
317 210 145
460 9 393
318 440 42
12 169 42
88 10 242
452 311 181
493 332 301
144 93 221
372 211 477
165 168 474
276 440 366
427 458 422
301 373 317
323 153 259
114 301 14
209 126 247
359 341 45
249 352 260
267 101 134
425 367 210
289 427 260
226 166 470
175 251 236
206 169 118
375 347 492
197 103 324
49 345 403
32 422 223
306 203 305
184 272 392
121 163 312
478 166 246
404 283 238
127 354 361
369 387 474
211 373 168
422 448 247
292 127 86
370 296 169
42 302 485
246 12 228
95 302 208
305 424 179
155 81 419
40 377 207
131 298 171
173 218 351
142 281 323
169 43 153
406 252 391
483 434 136
339 33 373
91 436 114
155 451 268
34 297 268
471 104 89
420 42 149
166 63 216
457 119 177
281 486 322
190 445 25
330 137 379
424 55 117
6 439 232
290 349 189
287 119 484
249 349 227
351 16 307
110 211 282
424 241 153
321 416 224
203 360 364
458 25 271
422 369 49
42 171 421
238 468 153
386 163 267
304 387 54
74 151 370
180 220 354
348 429 49
306 403 293
89 379 1
469 18 221
8 218 379
112 301 368
72 394 167
261 22 131
41 213 323
21 451 129
17 135 475
41 123 281
85 202 123
492 433 109
109 113 301
104 70 360
37 417 414
379 483 319
418 199 186
333 58 383
350 456 447
134 78 95
202 439 400
268 477 122
47 393 173
261 274 113
237 124 339
180 285 48
334 85 406
38 480 259
480 425 453
496 321 185
319 98 302
438 98 100
390 498 366
446 240 41
206 41 220
98 123 277
387 314 243
76 49 316
200 13 44
376 213 496
26 86 343
288 279 484
451 85 119
334 199 282
219 493 254
204 292 290
56 282 289
113 156 34
125 316 454
10 112 47
144 97 421
437 100 327
95 164 8
258 222 157
320 293 257
221 92 247
5 420 122
243 475 2
139 365 355
410 385 132
350 374 286
71 216 62
277 222 279
457 368 275
197 53 344
354 359 311
468 5 431
251 309 173
326 412 498
95 411 225
38 211 345
44 454 458
435 292 266
476 86 124
122 283 311
167 436 111
486 244 264
218 190 461
318 293 305
457 100 430
449 35 365
164 26 336
479 115 292
38 91 275
309 245 161
311 206 71
134 38 473
109 123 118
251 371 16
286 239 407
246 204 116
326 345 244
180 147 348
71 441 293
246 344 133
311 35 242
68 407 371
374 283 478
444 478 351
98 282 302
274 217 125
175 401 46
466 438 398
206 21 327
201 271 409
409 293 394
314 223 333
497 75 429
297 497 447
430 151 317
272 395 214
327 257 396
130 181 391
286 114 47
307 312 22
117 466 365
43 108 231
363 307 24
377 179 287
338 300 63
130 80 128
374 18 486
415 48 421
20 365 344
119 154 352
142 276 287
63 115 333
104 363 114
415 392 397
118 351 357
337 375 225
254 30 442
432 367 15
442 94 409
464 238 52
80 406 481
436 489 159
156 444 282
110 199 497
198 186 472
23 32 142
453 476 337
371 496 321
265 167 271
80 350 372
180 64 110
16 393 215
191 51 461
6 411 269
234 57 58
291 414 284
477 157 193
58 330 467
136 77 349
466 60 263
375 278 204
69 16 54
212 265 7
9 82 156
183 68 220
140 356 83
284 233 305
17 409 146
197 173 183
86 384 313
339 315 443
419 134 380
226 109 393
70 39 141
171 184 236
338 135 398
140 15 57
118 43 267
487 86 41
480 391 402
27 259 258
369 392 160
150 64 165
101 323 385
193 350 106
140 33 364
251 151 31
470 411 32
164 492 84
104 413 101
474 308 187
483 492 88
326 162 275
134 443 66
284 362 338
241 437 277
83 370 275
352 240 85
238 120 194
178 390 249
492 435 303
437 357 5
258 128 90
278 148 92
424 233 46
436 217 63
256 18 163
125 175 216
25 142 198
456 280 327
462 223 198
367 287 242
318 90 398
120 290 332
179 457 115
81 311 113
121 66 386
492 59 37
471 464 268
166 314 444
225 149 324
304 382 70
29 62 430
150 49 3
259 121 373
159 70 130
418 385 17
369 471 229
390 155 392
234 323 109
455 154 16
64 413 485
321 326 353
450 17 350
426 122 104
371 171 464
84 87 228
112 188 222
458 14 223
231 305 4
167 242 382
117 187 322
459 240 272
59 144 217
396 341 314
200 363 461
485 32 198
47 48 283
118 130 288
139 496 232
411 254 455
383 465 266
167 289 255
59 324 411
1 224 440
454 408 188
482 99 234
322 384 39
2 127 444
314 250 128
323 267 295
372 196 282
222 456 416
13 446 265
97 449 36
158 128 295
435 285 184
453 48 71
159 373 390
10 371 141
121 206 495
478 324 109
387 219 168
474 292 263
358 120 43
28 246 358
3 251 56
436 454 347
362 87 363
77 73 285
326 466 131
487 454 50
253 75 73
132 436 293
70 181 200
189 171 405
209 123 465
419 226 261
174 134 155
287 324 366
210 127 126
119 143 224
254 275 381
98 241 255
87 355 206
54 257 392
424 316 128
440 99 296
355 432 261
374 279 153
144 161 265
479 470 444
275 240 149
364 53 316
380 179 435
303 12 98
310 224 90
413 244 89
450 301 4
214 102 351
133 14 451
357 479 102
440 221 328
427 83 338
228 140 408
267 261 312
456 424 484
251 126 485
55 75 343
300 84 492
244 320 158
133 244 416
415 147 339
266 203 127
142 35 488
58 92 139
421 14 177
488 393 340
233 295 400
122 401 93
354 415 440
476 199 462
128 396 485
323 232 22
216 95 403
305 344 207
64 345 108
91 482 296
183 255 7
305 225 387
332 271 495
208 181 362
353 165 323
331 18 377
378 68 416
69 394 348
264 387 287
319 426 283
178 98 94
484 419 160
68 425 154
72 94 278
324 351 275
242 100 342
484 481 473
79 181 350
343 479 294
273 487 79
362 335 32
158 15 480
347 87 162
446 334 363
483 329 16
111 251 109
245 239 389
351 275 212
439 298 337
382 38 272
440 455 167
411 238 109
213 55 387
126 10 258
122 478 480
313 377 474
42 264 21
250 23 255
403 483 188
322 364 495
348 284 173
308 348 268
2 382 359
400 135 188
130 154 299
336 153 99
206 178 410
50 176 357
261 355 203
28 463 98
107 303 86
495 400 35
193 77 211
170 267 474
60 236 85
355 155 209
204 414 458
353 102 362
40 35 198
60 112 96
151 320 135
89 63 287
232 54 371
332 102 497
329 238 132
276 389 441
477 342 395
354 63 106
88 470 422
90 55 498
426 261 71
37 377 129
93 320 440
443 495 199
29 53 499
308 57 281
439 79 186
321 38 305
85 73 395
272 283 320
470 283 305
398 61 209
219 121 406
468 318 361
167 297 292
381 284 183
4 409 355
345 417 233
293 117 300
2 429 342
187 200 295
302 182 379
23 0 300
53 97 443
52 349 87
350 300 127
77 200 218
196 380 427
420 437 214
68 427 445
15 348 465
448 29 27
190 415 21
99 271 392
175 368 138
193 204 476
495 478 148
323 357 68
300 111 301
246 418 147
82 68 489
407 483 236
23 380 312
395 79 243
487 353 52
139 490 361
420 183 29
187 151 311
54 234 249
133 491 192
423 302 24
213 141 500
458 153 379
247 411 333
492 325 58
321 410 488
208 357 487
45 55 122
12 419 169
22 377 437
47 29 99
384 425 294
297 218 465
357 423 46
316 455 53
498 51 460
114 328 108
39 279 216
223 303 241
428 266 136
490 271 470
137 382 471
15 343 460
352 286 487
213 154 444
13 385 374
193 202 112
21 99 500
213 469 460
285 88 88
357 240 435
363 210 438
454 256 449
33 18 295
379 27 378
152 106 170
165 265 372
77 225 181
477 44 78
244 136 249
282 410 436
133 128 2
327 446 382
194 62 267
407 19 87
217 148 405
167 219 55
271 177 498
419 380 106
357 290 171
327 388 180
313 441 368
395 358 152
339 167 173
148 204 318
49 101 353
283 198 291
209 248 190
346 264 99
281 169 475
379 114 320
256 59 466
154 88 113
214 369 7
439 195 400
95 452 294
155 77 373
439 418 499
448 276 102
426 185 149
39 245 423
247 45 406
113 447 330
178 498 254
29 162 115
318 225 74
400 411 298
3 273 251
279 66 449
305 45 379
121 62 359
428 92 247
271 150 91
132 35 19
190 65 345
341 244 262
223 277 164
170 104 251
82 367 141
473 404 105
257 303 274
292 71 39
341 124 186
366 377 479
16 53 48
478 160 365
330 275 488
147 483 376
457 247 185
273 353 321
20 245 277
327 228 60
337 283 176
131 363 165
192 494 259
321 174 143
347 80 69
134 54 172
210 310 478
72 254 176
344 323 234
276 225 305
290 260 360
56 375 442
211 227 124
429 301 251
325 308 205
348 264 430
3 469 114
107 492 457
393 161 103
84 77 463
468 290 472
422 161 293
307 56 375
228 429 388
108 434 407
160 13 410
258 232 277
221 169 183
345 177 39
418 342 63
256 311 118
441 138 243
349 488 172
305 4 373
431 334 458
275 86 76
153 355 247
380 276 10
440 211 69
219 415 107
300 178 153
410 169 241
486 389 32
385 312 115
189 160 137
468 307 21
74 317 120
32 109 449
218 309 82
203 240 101
399 55 168
119 32 297
390 151 453
10 65 434
263 378 24
371 419 389
0 95 207
46 370 369
444 126 35
311 399 19
306 15 291
460 138 41
306 322 342
281 163 228
318 30 499
140 99 173
218 291 102
140 434 441
440 327 159
383 138 445
108 477 428
312 301 150
314 124 493
367 132 372
292 488 484
236 80 127
89 429 473
106 496 438
216 327 246
83 341 8
327 95 205
451 171 7
313 253 313
299 437 320
426 352 450
60 118 311
116 73 239
233 287 203
287 165 115
85 62 432
152 419 167
49 45 449
296 281 141
297 29 491
168 316 366
162 344 289
191 264 381
123 54 413
375 169 114
388 118 138
237 89 94
304 476 96
394 92 212
109 432 44
93 458 21
354 423 415
203 156 405
449 79 270
366 386 458
99 292 151
8 159 481
466 95 205
113 324 490
487 133 109
455 257 138
153 484 305
465 234 325
204 319 25
254 139 475
166 424 247
152 249 189
54 300 118
148 174 331
411 43 400
45 230 255
114 269 316
41 287 430
0 83 78
266 146 498
74 239 67
257 265 426
440 478 164
245 340 27
58 51 479
97 452 355
11 250 254
411 166 341
175 226 195
464 165 390
75 6 423
161 38 489
6 468 328
315 371 284
2 407 300
54 250 263
178 406 500
368 134 182
236 304 459
322 465 323
121 414 247
203 139 19
204 323 396
80 257 466
54 255 355
122 440 14
439 209 320
95 231 148
292 250 323
368 383 450
331 280 268
488 338 396
468 416 173
99 334 246
415 69 468
51 443 176
466 287 328
65 439 474
164 472 97
410 84 401
361 259 484
184 494 375
476 52 27
498 384 28
88 100 35
19 245 483
469 442 187
455 462 35
235 233 305
173 8 147
95 489 483
281 435 288
44 319 307
207 82 466
76 411 399
372 341 147
443 225 462
42 411 430
368 112 302
73 460 308
369 113 26
349 43 477
1 225 491
421 123 344
151 384 144
330 272 340
425 168 134
25 105 339
448 85 126
93 478 33
476 373 286
198 147 131
78 237 209
210 9 177
107 98 27
282 275 385
223 328 340
21 425 110
374 202 28
430 357 339
308 101 252
288 162 226
152 455 481
387 373 47
454 402 246
21 246 319
114 116 9
466 103 337
390 121 449
209 322 494
140 314 290
357 11 306
448 28 229
479 420 358
131 358 472
478 22 250
87 279 188
7 41 130
490 421 365
207 251 354
437 306 417
235 342 472
87 398 434
305 137 162
225 313 26
170 196 118
293 233 27
65 178 320
334 22 210
232 114 249
486 141 214
324 69 351
472 331 96
347 401 181
440 135 421
203 25 208
477 384 462
62 182 302
333 16 441
437 37 165
91 232 17
122 89 322
55 154 400
170 337 278
33 285 28
33 433 235
0 482 36
292 140 168
489 121 193
494 460 56
110 453 282
433 393 288
179 336 473
421 294 291
182 301 352
310 432 376
251 267 55
93 345 65
111 479 412
479 386 411
12 355 372
398 226 58
415 413 68
227 295 449
281 190 4
308 42 11
65 330 47
346 269 157
153 307 145
47 346 185
401 45 396
489 38 271
242 244 422
262 108 55
310 439 159
233 99 453
71 198 392
104 418 138
208 210 20
426 107 208
445 419 427
330 369 276
478 9 132
434 136 90
188 471 151
440 15 225
354 235 468
264 78 170
454 493 146
409 239 4
177 231 319
477 302 269
398 264 44
443 276 215
312 374 25
470 231 152
100 475 431
410 479 127
142 206 357
28 186 349
73 256 68
345 96 145
478 120 488
465 404 46
444 387 381
186 12 212
323 498 169
54 249 165
192 34 437
9 1 66
317 281 191
163 85 141
338 443 358
398 180 162
365 370 123
216 356 453
263 113 68
149 78 444
64 109 235
483 374 336
395 160 440
363 488 500
250 333 123
307 325 79
436 34 220
491 222 281
170 264 37
399 71 123
12 40 22
349 312 418
341 178 244
47 136 232
22 297 209
450 345 469
216 368 209
133 35 396
441 52 358
384 276 172
389 143 398
437 341 230
77 185 299
176 59 131
366 291 335
441 249 152
295 62 326
115 128 231
180 131 337
51 320 103
282 2 496
146 368 495
427 250 242
171 241 108
103 263 300
51 346 85
52 40 361
398 399 213
309 58 448
115 455 159
78 333 23
123 413 20
60 478 404
260 298 143
493 81 428
210 147 44
84 411 303
81 31 475
258 422 435
403 467 72
143 158 417
186 412 427
309 375 201
113 438 219
57 91 392
87 379 316
199 29 220
144 229 261
210 396 283
297 19 314
429 87 369
81 35 318
497 77 26
172 356 380
433 78 204
258 192 356
450 473 309
277 14 394
415 31 5
15 395 42
268 436 380
474 58 455
263 489 71
338 232 46
218 209 274
14 193 9
82 388 55
197 374 167
12 495 498
76 187 167
195 269 62
419 391 19
30 91 216
272 488 290
447 139 193
250 136 87
466 29 163
146 365 48
346 178 160
318 334 260
117 298 98
33 328 27
482 138 449
116 57 423
140 68 468
2 387 37
447 279 252
145 347 71
25 411 491
231 37 368
464 314 16
372 136 153
327 241 397
274 404 215
271 68 180
390 118 9
106 275 171
479 116 184
265 356 418
293 57 29
9 374 226
404 175 466
119 212 344
376 281 332
493 123 458
53 482 36
171 398 265
195 361 191
303 343 343
499 224 418
443 243 53
213 498 325
203 395 306
333 246 138
342 440 470
135 311 420
414 279 360
359 340 93
377 27 328
46 289 359
359 464 263
468 217 172
281 144 192
307 416 432
461 456 451
400 202 278
202 312 74
395 169 294
395 149 70
55 241 6
283 368 483
90 305 491
434 317 124
437 207 190
111 130 139
141 492 222
343 267 124
323 438 79
145 485 357
355 195 339
451 194 73
209 7 310
318 301 211
377 334 364
337 235 403
258 473 169
302 79 340
276 353 448
198 380 197
314 128 304
406 48 4
443 45 298
36 93 135
289 496 206
78 352 28
106 96 39
401 483 398
206 193 295
108 448 103
368 92 74
17 481 372
194 287 120
78 109 386
155 375 145
22 190 298
436 211 462
100 180 342
376 339 75
308 70 218
78 483 196
396 141 128
171 343 255
411 300 115
220 142 389
443 253 131
246 34 465
44 332 383
351 269 422
33 383 304
259 33 287
367 136 169
162 467 222
43 219 348
220 263 257
130 427 368
280 266 443
304 368 322
139 368 407
120 487 18
273 33 468
181 275 186
148 406 212
147 421 46
357 454 298
393 456 328
38 69 76
177 17 433
459 455 35
191 173 114
478 20 305
9 4 264
488 287 437
383 353 349
210 235 28
435 65 489
275 457 371
354 393 27
289 335 90
348 497 161
443 397 110
279 432 133
329 381 227
477 162 371
437 82 376
274 411 142
33 499 36
68 86 171
351 418 457
5 2 148
254 167 484
144 456 253
168 170 419
239 411 159
21 232 282
176 401 363
399 300 365
373 251 369
398 84 409
89 157 434
97 209 347
142 336 327
45 90 197
473 211 415
22 71 29
273 499 275
53 137 200
316 283 291
16 144 123
101 149 123
291 330 453
58 241 446
282 346 412
0 391 417
235 482 107
103 345 281
459 126 371
286 133 430
441 467 89
220 257 1
238 283 387
169 127 136
308 479 235
455 497 429
204 227 498
43 90 480
356 481 198
421 116 153
286 87 456
398 91 201
426 40 191
488 90 237
164 470 478
187 336 13
308 477 19
424 89 206
185 489 423
280 163 482
91 250 448
218 65 350
102 35 40
471 326 286
229 49 160
188 484 464
114 339 341
206 2 334
371 44 50
305 40 305
362 407 376
368 489 19
280 135 486
94 456 86
33 27 258
330 379 332
445 329 251
41 345 493
163 292 390
68 438 12
323 13 488
289 311 255
314 49 405
323 69 113
93 485 292
387 389 89
163 179 389
161 177 235
125 374 37
479 494 343
217 188 177
56 386 274
119 333 180
137 493 57
109 62 460
46 484 301
246 300 231
277 435 421
87 90 144
479 79 262
291 380 170
141 23 2
203 138 8
271 281 5
250 100 33
13 136 473
168 368 30
408 159 66
437 129 223
475 240 480
195 52 98
351 464 377
485 295 276
38 418 458
278 337 264
159 232 83
184 191 403
433 110 34
341 433 387
291 439 189
360 185 387
436 376 222
328 282 320
210 8 438
3 83 202
428 160 98
362 83 456
70 16 44
405 369 67
417 140 112
443 496 405
334 396 386
235 122 216
54 3 430
163 358 391
349 246 281
63 51 194
455 72 156
434 397 476
251 184 83
189 279 446
134 430 130
237 468 17
290 338 72
269 145 439
496 261 404
0 260 388
201 320 378
385 232 281
139 248 101
399 148 149
78 135 167
146 111 193
388 357 230
266 121 427
291 130 274
443 391 31
178 187 93
64 194 371
433 217 104
317 314 56
292 414 224
125 461 80
113 12 374
410 437 375
344 97 377
339 283 280
310 76 77
369 485 21
367 172 471
87 206 475
371 340 131
449 234 259
319 10 296
364 134 163
108 91 20
446 408 267
235 343 445
432 195 193
51 447 455
24 43 46
162 56 128
185 372 80
95 197 392
106 173 466
384 87 327
386 167 479
86 74 328
490 430 399
92 32 128
46 223 192
84 498 133
406 15 370
425 292 375
191 229 352
478 381 37
431 395 487
12 66 260
251 459 36
411 449 225
241 239 136
18 491 279
289 73 340
488 224 122
7 392 86
190 35 192
356 336 460
361 422 188
44 409 48
475 393 313
358 404 443
173 87 452
14 43 127
217 231 435
255 9 471
431 354 117
380 21 169
164 383 152
471 454 253
237 404 267
483 145 387
31 291 264
150 323 471
323 24 419
120 325 455
23 406 257
232 247 14
90 373 203
192 70 191
389 221 30
274 102 11
111 308 254
483 334 409
267 165 451
18 309 80
140 458 252
155 105 230
414 355 318
305 104 67
446 409 231
149 236 85
199 185 75
479 333 182
42 129 261
491 111 155
210 29 341
246 97 310
176 322 316
94 93 189
130 425 145
461 190 500
196 492 426
217 221 119
420 333 482
314 66 316
358 96 391
427 368 53
248 433 250
484 421 431
315 428 71
478 371 313
358 325 175
126 391 119
490 149 303
489 414 214
193 58 184
195 136 158
19 331 87
414 330 363
479 90 236
431 182 462
23 436 121
429 344 73
160 183 178
232 376 248
5 136 402
164 153 207
240 249 25
287 0 124
185 324 98
44 127 320
253 462 19
305 216 255
421 66 436
265 195 450
482 237 333
246 224 184
74 275 367
151 178 268
57 135 250
412 419 24
335 5 9
53 182 280
204 425 476
99 420 182
485 158 168
360 263 123
172 496 22
185 86 454
190 222 443
92 296 469
427 437 226
302 444 300
121 107 169
452 433 7
91 125 419
178 61 102
307 231 355
194 161 143
269 16 455
389 428 206
425 147 427
272 455 498
420 395 136
302 481 371
454 90 4
179 45 482
3 35 61
427 52 385
32 324 310
425 13 329
159 438 421
196 305 268
432 186 37
18 170 388
25 197 190
114 200 51
84 160 426
62 444 235
248 25 175
196 193 114
153 227 453
62 80 376
24 440 158
142 51 437
478 191 480
345 28 431
344 166 80
362 51 464
253 379 246
96 379 52
378 499 7
437 192 294
181 320 127
350 253 46
114 84 131
431 103 269
224 261 8
104 379 70
377 282 274
138 159 450
335 326 342
442 66 366
353 359 350
55 263 170
485 414 314
353 418 359
245 356 121
188 56 244
291 3 50
1 404 121
37 436 175
151 304 215
78 369 386
282 77 66
119 44 39
457 65 316
363 410 421
373 168 273
476 499 128
299 48 279
231 249 222
331 489 292
176 183 339
377 102 130
3 277 450
163 28 132
270 158 103
5 264 15
408 315 491
262 62 112
164 147 317
276 66 460
169 252 48
257 483 289
335 138 406
418 287 108
398 30 89
326 474 442
388 49 398
323 286 474
89 404 74
206 172 449
453 93 459
324 4 292
277 356 405
438 49 370
325 190 167
443 287 382
66 19 369
320 486 266
125 338 492
372 138 499
491 36 230
364 217 499
370 232 117
349 137 428
177 31 12
367 230 48
50 76 87
6 243 191
191 210 156
73 297 25
87 192 340
117 360 88
22 410 118
460 257 114
324 373 431
161 165 301
216 168 352
121 306 252
364 471 30
180 67 9
243 12 490
112 216 266
200 78 115
218 129 345
428 398 2
355 187 234
437 460 490
476 219 4
402 291 78
490 353 4
407 386 170
165 344 301
419 249 422
147 59 399
147 438 63
493 488 413
146 133 221
90 118 387
476 67 433
425 477 349
227 485 413
285 183 343
408 464 347
53 431 134
371 499 348
270 175 51
422 113 378
32 103 17
434 410 148
428 431 155
350 361 205
211 453 491
324 386 47
62 394 427
125 381 12
414 129 486
252 376 264
479 429 404
391 289 441
148 98 193
122 399 191
30 266 256
455 98 367
412 53 425
1 364 185
126 208 396
384 485 451
310 370 199
415 178 100
457 483 476
114 441 259
433 277 291
114 8 348
465 162 206
394 205 368
325 196 421
345 410 365
417 188 144
116 46 19
488 78 469
72 4 493
437 475 146
234 312 463
380 38 335
200 130 245
368 16 177
250 239 182
141 487 145
134 290 261
148 44 220
143 43 382
29 459 15
111 69 193
189 28 275
68 65 272
226 49 72
235 334 162
406 287 106
122 297 52
203 114 413
152 378 498
18 255 414
424 189 138
0 35 292
348 352 449
465 45 419
431 366 425
27 414 194
23 35 252
487 344 31
403 432 475
343 407 471
477 409 174
492 297 299
167 174 124
360 375 412
184 295 241
356 371 89
208 450 3
256 479 80
341 294 188
47 358 443
151 252 163
113 362 89
183 342 377
465 139 151
486 335 156
275 499 303
453 296 186
40 482 133
62 101 168
1 445 62
303 476 73
401 8 100
11 309 206
292 497 258
142 46 106
146 3 480
214 201 207
59 199 402
479 323 339
109 22 336
131 489 450
346 94 163
448 19 18
285 125 98
326 464 378
157 225 241
12 43 223
319 472 211
0 402 25
459 119 309
44 201 470
322 43 450
164 346 434
496 115 31
285 255 360
132 356 479
266 407 463
205 279 449
462 64 166
421 98 15
263 80 333
346 310 45
414 306 190
414 440 18
353 92 178
30 292 357
17 400 221
307 245 55
67 256 331
67 138 425
497 9 204
90 71 328
178 286 34
91 58 341
251 301 338
56 158 227
120 450 421
208 30 241
131 135 150
99 84 138
18 176 461
72 63 384
448 471 434
94 316 164
190 330 463
133 191 297
270 390 110
306 421 498
446 4 244
223 80 435
469 417 242
95 128 364
381 142 13
318 150 167
52 172 293
273 338 473
303 439 432
455 58 56
253 144 167
50 294 461
72 147 269
121 181 39
380 322 50
307 296 312
476 378 361
233 467 50
289 406 368
124 249 180
284 495 60
292 137 133
281 54 496
67 208 60
125 138 439
466 246 3
471 452 228
266 124 234
383 468 218
390 16 351
91 118 242
159 143 491
334 315 488
41 397 381
454 93 137
461 473 50
109 325 400
193 177 106
470 44 264
245 264 356
260 146 147
232 391 122
324 177 244
272 1 217
186 114 425
217 411 9
67 81 208
259 229 107
411 355 64
262 162 340
53 192 82
275 257 160
6 381 78
426 480 324
410 469 18
79 33 38
42 336 198
433 201 407
441 152 86
180 44 150
461 96 356
332 227 301
222 51 275
481 494 371
12 131 401
419 217 314
486 247 11
222 468 103
478 388 331
162 62 500
257 378 84
278 145 250
392 372 147
496 265 450
430 388 154
65 468 293
212 249 436
315 146 206
443 186 479
298 103 438
226 7 315
197 413 168
-1 -1 -1