50
7 4 31
4 5 2
22 4 13
5 39 11
12 7 3
3 5 3
3 10 32
10 42 26
14 12 5
21 5 13
21 30 17
4 38 47
45 21 26
21 36 48
30 32 46
16 21 33
15 30 48
45 24 4
2 10 18
40 14 43
26 14 29
29 10 49
30 25 37
7 1 6
37 30 48
16 44 11
34 37 6
10 13 7
40 27 7
49 15 30
41 3 6
26 17 45
33 44 4
27 35 8
18 2 37
41 11 32
7 19 50
44 46 29
43 24 34
5 20 10
18 23 29
21 9 2
6 35 10
30 28 7
46 31 46
48 16 15
0 5 45
24 47 23
8 33 44
13 38 14
38 14 44
0 41 14
14 17 10
28 41 27
19 22 20
47 22 1
0 2 6
46 29 48
15 31 49
1 28 10
37 21 8
49 43 27
11 3 7
38 35 19
13 36 7
39 4 13
40 6 5
4 14 26
46 28 35
3 24 40
10 30 49
36 7 26
6 24 18
8 15 40
11 22 41
43 37 34
38 22 33
45 22 1
41 21 40
14 27 3
4 32 21
40 9 37
31 14 14
22 20 42
28 22 2
4 17 37
9 0 40
20 17 21
14 5 7
31 45 14
36 43 32
0 31 42
47 40 49
14 45 16
22 13 36
25 46 14
0 39 1
27 11 18
22 41 28
47 37 38
1 24 49
46 15 5
47 15 8
19 44 35
26 9 17
30 0 46
47 12 37
41 29 8
25 43 2
18 6 21
34 22 6
1 31 18
14 13 13
18 4 32
5 28 25
38 23 5
22 30 41
-1 -1 -1