300
130 260 29
259 260 152
260 211 206
130 168 195
260 34 236
34 187 87
244 34 1
187 83 256
34 269 4
83 75 264
34 125 121
32 187 249
88 130 176
211 281 68
281 263 198
83 231 87
88 252 125
83 159 105
281 298 40
246 260 210
34 224 35
187 270 31
187 4 257
34 42 115
206 125 261
83 217 202
88 203 257
174 206 132
231 110 162
176 263 60
130 17 300
176 201 165
83 158 292
234 110 284
161 130 265
110 43 164
44 32 21
269 283 13
244 285 124
183 234 56
42 163 176
34 58 77
298 181 214
67 252 8
298 119 222
55 34 87
283 240 109
234 139 275
292 270 237
61 244 299
193 285 290
35 139 133
32 141 260
207 244 208
107 203 297
183 82 139
88 200 249
88 111 131
48 17 174
207 20 6
271 207 15
244 293 199
281 39 181
119 136 273
271 190 231
61 251 272
271 128 74
91 251 49
246 253 133
273 83 24
48 144 24
43 199 74
206 49 54
248 119 169
139 117 231
22 44 207
259 215 225
43 288 31
15 207 46
244 276 208
283 257 10
58 105 169
117 70 39
283 198 173
46 125 140
22 182 188
91 133 261
156 215 219
103 224 73
163 60 153
183 51 236
281 104 26
128 186 254
168 8 252
183 45 143
288 76 20
92 42 254
206 278 106
1 240 222
0 240 268
162 183 172
126 44 278
10 75 148
78 107 137
136 284 211
134 190 215
132 17 161
0 95 14
204 187 56
75 29 74
156 129 65
285 24 22
198 84 42
101 88 145
260 265 83
296 231 36
238 55 61
13 207 237
238 33 165
131 204 103
161 282 27
157 176 68
288 154 135
27 161 172
182 210 30
190 124 171
246 74 157
215 93 111
160 187 273
70 261 154
103 258 73
88 145 274
295 174 61
242 283 87
48 80 42
233 45 245
293 247 300
278 38 228
156 185 270
244 2 191
13 71 207
15 208 12
205 204 233
23 78 248
71 69 284
85 298 27
262 58 42
158 266 5
296 127 234
235 83 248
65 292 146
118 75 203
67 222 163
200 219 47
228 127 275
203 287 241
193 53 99
295 170 93
234 250 39
8 216 175
255 8 97
69 166 204
253 195 211
249 292 163
145 87 121
282 140 272
274 234 29
114 185 68
3 246 82
50 199 112
245 207 172
256 234 183
250 135 189
288 109 143
161 25 228
114 5 174
277 25 241
44 21 222
57 207 85
257 138 284
268 298 4
206 151 2
113 292 128
55 290 274
227 5 20
268 152 45
57 112 68
81 219 51
73 85 31
169 127 238
284 236 92
249 165 13
239 193 171
223 161 177
211 194 22
110 12 200
30 134 189
289 131 131
113 72 268
137 38 43
149 265 148
89 193 63
121 129 87
74 9 44
177 205 229
162 191 57
52 121 247
24 241 172
147 113 187
187 86 148
103 64 211
171 139 185
258 115 2
283 189 63
55 106 124
259 96 119
16 114 141
3 120 90
215 77 155
116 211 104
150 72 173
131 47 55
258 7 258
297 117 256
209 82 106
41 57 170
79 287 82
159 237 26
90 185 255
191 192 215
184 288 172
103 213 210
286 266 51
200 6 238
29 221 192
280 193 64
45 155 142
191 291 284
173 228 145
182 164 168
277 100 9
188 29 119
131 142 203
63 104 215
298 254 21
30 264 183
193 230 271
143 125 219
32 232 272
232 218 182
225 217 26
197 87 8
146 273 84
5 122 39
40 293 69
62 164 161
291 294 22
220 105 95
102 137 246
226 39 44
113 179 164
91 19 209
230 214 176
123 176 155
139 97 39
124 202 74
263 148 299
243 123 26
87 167 248
229 5 71
32 196 190
208 18 29
269 68 251
129 66 123
76 299 290
101 56 127
287 31 225
253 180 241
154 11 180
195 37 211
175 107 89
14 294 19
153 37 299
155 272 286
25 172 208
212 291 262
99 25 292
102 275 97
279 238 104
4 28 134
170 178 10
120 267 248
24 54 15
26 262 68
94 99 178
213 59 201
157 108 104
21 98 67
36 14 285
72 161 115
83 239 92
206 94 300
260 294 227
14 296 90
42 18 290
96 30 105
240 39 227
245 175 131
33 11 110
143 209 9
288 145 229
192 124 159
116 58 286
144 258 154
180 47 263
179 257 299
108 20 171
131 207 102
65 276 250
148 279 117
93 125 170
268 295 114
227 104 16
53 149 13
10 164 106
202 195 228
92 83 186
151 290 134
253 187 126
34 163 263
130 201 270
222 282 141
261 221 227
262 109 171
108 180 267
45 134 91
23 239 126
218 122 243
239 33 86
162 250 193
273 112 129
75 199 7
79 92 202
46 5 201
111 206 175
245 219 58
234 5 140
206 183 287
64 293 246
253 114 144
166 105 92
126 99 83
124 252 291
81 68 123
263 132 173
199 115 93
111 229 130
127 18 123
196 136 263
210 227 60
191 260 86
174 226 12
297 29 144
53 175 225
99 15 167
210 131 132
246 83 216
23 53 232
62 276 249
251 237 214
80 291 260
145 251 97
84 78 168
135 50 130
87 216 280
244 190 162
55 89 205
191 225 239
229 262 284
90 150 50
106 116 136
40 287 7
245 37 212
96 170 139
85 154 163
244 93 202
184 277 147
50 40 217
97 198 122
29 140 258
171 64 283
288 153 239
274 113 105
204 51 77
10 38 257
208 63 63
286 9 207
94 164 216
162 29 253
193 220 55
79 155 258
110 208 91
115 95 222
188 147 103
17 144 119
31 141 32
25 240 162
295 287 71
78 137 151
277 85 278
259 81 140
69 9 25
207 119 2
61 230 299
234 150 43
221 98 281
190 247 280
233 8 161
114 41 203
174 241 103
297 244 70
55 58 279
119 49 169
249 36 129
56 279 138
169 167 97
169 243 95
269 169 148
124 125 298
93 111 11
102 63 183
226 200 47
176 14 50
99 262 137
283 248 279
259 163 99
168 134 286
132 62 268
266 298 43
22 39 96
253 228 243
24 216 115
242 212 22
134 100 95
203 19 248
40 71 164
44 7 111
287 196 26
128 29 150
175 297 32
46 0 29
123 35 284
132 277 179
183 173 109
261 126 282
162 280 148
130 65 185
275 66 37
243 246 94
29 63 125
2 155 264
112 9 54
28 60 291
273 145 81
104 88 150
109 188 52
31 190 299
8 89 50
140 268 240
55 40 29
81 282 231
193 17 68
89 294 132
11 76 174
126 136 238
284 70 233
132 134 25
71 130 275
90 16 193
39 115 55
34 70 82
195 201 267
274 64 206
224 6 111
297 22 94
162 249 82
109 260 204
298 134 33
171 243 87
226 123 175
179 282 73
280 25 51
264 96 79
223 216 269
157 41 183
99 93 15
8 189 57
84 167 280
23 190 197
172 93 110
47 295 199
270 18 275
152 113 32
290 44 176
132 185 154
155 160 154
11 2 246
80 196 93
30 2 40
265 270 245
34 0 259
211 158 290
68 180 267
176 148 145
181 140 285
53 223 178
181 262 280
267 229 254
143 187 256
245 94 151
44 45 135
13 104 260
249 225 229
65 12 227
181 149 139
65 134 236
203 196 272
134 58 85
107 68 270
125 144 143
272 16 210
225 5 50
256 96 236
273 262 169
298 105 221
298 35 242
5 78 233
68 17 295
285 164 25
36 114 30
260 121 207
159 211 139
30 227 235
36 205 123
132 214 241
76 46 208
21 163 160
83 48 172
73 153 72
299 51 187
121 138 250
210 8 71
257 258 46
201 132 53
154 197 270
185 145 292
137 54 86
79 261 199
281 159 219
42 280 281
273 230 222
39 267 131
133 220 269
112 213 50
175 160 15
122 76 188
132 82 244
167 217 230
287 150 99
89 54 200
287 148 129
113 226 21
50 272 276
257 59 48
288 189 175
103 114 38
270 266 207
86 62 71
184 63 250
65 88 45
22 113 76
177 83 45
238 131 297
40 219 208
143 130 47
40 53 156
143 275 205
123 287 109
229 209 103
224 204 57
291 229 173
89 199 170
157 228 51
287 92 50
242 49 172
39 109 3
78 96 155
154 205 284
36 1 207
182 5 143
291 225 5
287 120 121
171 169 217
55 220 141
126 253 158
195 133 55
107 71 287
187 91 47
231 270 154
79 3 143
230 161 22
254 48 194
269 77 215
203 125 77
106 107 210
194 175 60
238 116 22
95 182 64
220 6 185
291 131 170
186 76 63
166 5 273
90 261 146
86 278 268
237 150 212
25 40 69
210 6 203
25 32 155
287 16 174
197 119 91
117 16 74
121 277 34
268 162 71
21 156 243
274 75 131
291 109 133
277 43 236
73 41 141
9 262 162
171 248 242
74 133 235
35 9 120
110 83 257
194 174 26
112 222 4
6 148 127
69 298 63
172 106 169
269 62 7
226 284 69
251 82 143
281 74 86
97 120 11
105 248 278
95 45 234
171 186 184
123 126 161
228 250 94
142 134 200
53 58 92
153 195 127
275 221 86
143 75 14
247 207 220
21 134 181
232 14 12
216 228 109
220 17 202
298 206 10
141 218 299
169 15 64
47 221 8
112 158 230
103 285 147
47 110 207
84 6 90
169 159 98
138 184 74
14 159 217
112 131 112
275 295 259
132 101 208
124 278 233
215 205 294
154 150 131
235 160 210
195 18 30
122 229 273
23 41 59
19 115 207
217 291 184
199 226 298
165 98 13
106 259 260
128 63 115
171 84 22
143 49 8
79 256 158
45 111 215
121 265 241
32 125 18
38 211 219
190 197 162
52 20 216
236 92 5
161 37 13
230 237 298
34 271 235
103 63 229
281 284 107
151 74 83
271 225 203
51 229 145
108 200 189
3 234 82
135 116 46
42 213 259
200 64 199
296 65 3
9 45 156
13 16 251
149 233 141
228 257 72
73 113 96
283 104 66
77 186 279
258 285 292
206 208 179
39 292 159
8 100 247
141 263 83
95 184 279
49 223 58
113 36 109
65 77 264
174 3 92
285 99 206
295 190 234
216 268 207
235 144 39
52 282 77
156 150 58
272 193 216
109 293 142
37 204 88
216 292 5
106 255 292
142 202 210
65 177 182
18 153 145
187 219 193
127 273 260
170 16 249
209 2 53
139 275 62
222 187 117
199 73 235
31 87 28
62 156 258
153 263 173
267 190 20
278 179 236
97 168 203
1 62 233
35 217 106
245 194 132
149 97 114
58 169 235
1 5 151
23 109 128
279 178 143
225 38 203
93 46 158
126 165 254
281 153 297
115 226 153
138 183 181
209 221 171
10 282 128
111 247 11
284 73 37
9 182 221
285 101 292
86 118 122
299 271 219
110 165 221
39 244 98
230 49 254
90 168 68
76 194 209
59 104 80
294 58 5
184 99 232
3 22 83
21 257 175
195 150 219
140 284 117
212 190 161
184 85 219
211 296 263
217 188 52
40 112 58
270 288 142
275 179 224
154 122 11
225 122 269
84 110 67
215 82 57
20 103 55
18 86 237
150 100 29
8 49 111
257 272 39
14 61 177
2 26 66
196 24 125
146 29 91
175 296 143
25 88 134
19 88 256
83 266 43
266 75 61
67 57 285
55 120 288
89 93 286
286 88 30
211 36 217
24 298 220
153 65 30
231 31 287
33 13 64
129 243 234
118 43 72
46 242 29
32 142 181
35 239 245
206 182 77
271 163 10
206 128 5
21 285 187
151 254 40
169 140 206
1 239 277
49 144 151
74 292 78
238 204 51
265 79 246
266 118 63
291 125 30
84 233 190
108 68 274
219 108 73
233 247 267
281 4 28
56 29 59
223 125 280
15 179 172
75 51 113
4 107 187
252 157 29
128 198 200
38 154 229
42 77 179
251 273 74
194 91 221
128 156 153
151 79 120
248 265 20
270 61 253
20 223 283
163 173 251
227 92 110
62 238 104
145 219 12
280 18 271
15 55 33
97 187 98
22 225 36
207 250 143
285 102 19
136 216 227
101 233 25
81 227 41
236 253 291
112 235 119
132 57 253
218 288 178
52 273 39
31 109 93
206 186 227
108 198 224
158 139 254
19 119 63
123 102 210
211 123 58
289 244 118
235 196 58
70 223 22
219 58 19
132 40 41
205 220 1
157 291 170
270 225 265
13 105 269
229 153 39
284 203 271
19 5 33
286 109 100
7 220 274
274 150 222
10 131 274
60 237 1
3 112 129
33 179 12
279 286 39
231 57 145
37 157 216
238 91 34
6 213 212
14 248 133
266 109 38
299 158 89
91 113 266
278 49 132
215 134 187
223 120 62
217 109 243
112 60 149
260 186 68
72 73 288
10 143 102
38 94 118
236 12 134
22 40 59
107 239 24
111 134 97
84 184 220
205 294 81
146 163 90
201 227 175
171 161 100
120 255 145
272 243 206
176 47 37
173 20 165
71 126 266
218 121 12
160 25 88
97 226 9
19 266 32
165 261 9
208 270 187
242 80 68
174 254 156
170 165 228
120 201 298
275 72 140
85 78 198
270 20 167
150 266 10
265 230 21
38 286 104
220 191 176
260 224 139
298 270 189
138 210 138
287 282 101
21 64 82
294 271 271
59 16 21
204 93 197
151 110 26
261 145 220
13 296 300
174 148 234
131 147 24
14 148 173
143 280 2
109 181 161
75 297 250
72 79 208
188 127 274
205 56 62
37 158 292
145 125 190
191 268 24
266 31 199
288 54 29
192 233 133
220 153 214
278 190 234
89 68 221
95 136 255
162 61 147
284 86 292
60 121 230
143 206 219
28 222 152
284 68 33
143 229 40
277 259 80
97 196 205
88 169 56
99 54 39
126 214 260
156 87 4
291 26 8
132 128 31
133 19 140
16 99 219
7 225 108
185 7 108
58 180 97
36 259 277
222 94 263
64 182 264
54 114 181
271 103 181
74 193 300
32 220 15
221 107 188
215 243 280
245 154 138
129 88 279
68 170 218
230 146 207
87 189 219
116 188 98
71 227 157
141 297 111
200 77 36
106 126 185
74 136 190
292 104 157
172 51 246
63 81 45
17 289 162
287 169 264
149 242 104
184 121 169
44 104 156
212 84 44
248 83 7
281 181 247
221 163 299
38 121 284
159 148 118
275 136 77
170 52 91
153 59 281
160 288 12
18 105 198
123 54 179
276 228 129
105 55 175
157 202 120
86 169 189
291 120 289
297 237 133
235 139 126
87 163 18
263 13 37
38 208 288
174 32 102
91 125 125
135 82 278
155 143 52
248 12 245
83 155 32
53 84 169
166 264 237
133 62 202
271 62 46
220 61 129
260 75 201
77 125 275
221 69 288
102 55 56
243 213 287
260 66 222
87 271 19
26 238 63
183 75 202
244 76 242
130 89 165
299 18 221
99 154 148
137 7 50
280 212 136
4 15 196
56 247 279
60 84 279
248 223 113
184 220 14
255 245 43
102 219 118
291 167 9
34 118 85
214 75 154
246 236 57
225 139 119
74 271 156
72 126 121
170 44 95
138 187 131
129 284 116
7 138 45
102 6 117
260 215 216
119 103 107
76 257 62
252 139 136
204 258 153
61 174 226
223 122 94
286 63 195
278 268 102
49 22 289
180 75 154
72 248 102
243 57 223
212 49 156
176 265 293
198 194 234
246 110 205
209 172 289
254 272 258
248 44 91
290 168 202
258 35 65
89 267 50
138 170 231
128 289 102
282 213 300
211 242 266
121 164 6
64 56 193
232 135 152
291 184 45
240 151 150
224 104 113
163 253 147
117 10 149
94 117 175
254 223 91
147 73 113
41 95 249
33 211 64
137 188 147
104 114 181
10 116 290
284 158 47
231 11 183
245 268 189
29 76 181
156 38 68
286 18 236
133 60 16
5 102 284
11 61 176
51 184 188
292 155 150
199 232 189
254 256 132
38 294 56
17 19 20
213 136 172
34 211 206
65 45 127
297 63 13
255 4 95
48 65 287
47 148 80
13 84 66
198 161 193
264 274 165
102 90 145
122 141 211
1 185 258
267 8 251
95 35 112
270 242 119
97 135 183
182 35 262
119 64 284
229 4 49
94 92 6
146 203 168
175 166 155
37 273 195
118 45 73
102 193 54
120 159 21
240 58 83
184 30 124
143 180 264
279 84 32
244 72 236
249 229 63
67 13 262
275 47 270
80 148 27
144 163 258
294 85 186
287 254 111
266 181 38
113 46 64
131 266 25
177 91 36
221 122 153
183 218 141
269 41 118
3 90 53
12 76 200
45 219 123
113 99 225
140 10 62
14 206 173
47 38 199
216 245 141
283 94 62
156 40 107
284 294 174
264 226 110
3 237 217
106 132 42
128 229 136
101 289 187
235 102 31
30 37 258
99 107 60
83 228 77
231 33 64
111 254 103
288 114 197
224 187 228
49 182 11
207 7 90
207 82 103
65 218 87
88 196 222
280 281 231
60 44 215
289 258 1
191 79 236
196 57 202
142 190 217
98 33 196
253 210 241
263 104 142
293 264 137
235 10 6
239 278 232
129 96 222
229 67 86
219 175 296
209 25 54
228 133 228
247 6 22
39 100 237
294 191 145
39 70 12
81 80 297
96 158 104
276 269 94
46 123 198
113 232 28
285 172 218
98 235 19
292 109 42
220 126 62
13 294 75
26 175 87
93 167 115
274 103 24
35 234 52
216 135 59
163 56 83
218 230 271
45 206 79
229 181 8
8 170 149
255 201 29
252 114 119
224 56 84
6 17 261
188 102 28
72 36 32
114 11 73
161 299 297
16 210 92
82 174 250
152 60 51
72 61 54
259 153 244
275 81 154
96 3 295
108 281 90
196 260 267
244 235 129
35 135 4
41 15 243
108 79 263
29 98 230
294 125 216
109 180 175
197 141 273
68 189 87
286 203 122
170 108 5
169 284 203
146 14 206
287 183 182
56 8 62
231 272 157
254 245 155
85 256 235
42 285 94
158 11 181
73 196 223
108 279 89
90 193 21
90 242 127
52 240 131
261 212 55
133 266 15
83 141 239
204 233 281
64 69 217
93 105 173
287 265 84
284 264 11
15 59 241
255 14 211
41 42 135
184 14 237
240 210 26
13 285 80
108 2 38
2 21 217
297 172 206
200 282 112
190 204 239
147 281 270
11 64 187
168 83 281
14 179 93
96 169 162
126 144 8
189 96 32
256 102 207
13 60 42
209 61 31
149 207 111
116 107 60
287 10 137
120 142 188
279 0 88
178 58 236
39 97 295
285 277 80
61 144 128
113 241 142
229 151 260
281 17 85
202 189 180
100 130 104
120 71 127
74 93 293
56 282 287
278 89 124
277 81 146
170 111 289
62 105 107
3 224 28
67 231 197
112 268 33
199 173 93
71 176 196
28 178 65
189 111 84
280 256 110
201 158 104
93 109 113
96 274 262
201 33 130
38 253 252
240 90 189
134 273 49
188 279 36
224 153 117
263 208 184
60 87 72
245 47 148
2 66 269
243 284 258
165 77 99
120 51 61
170 251 236
42 24 39
251 162 55
279 164 96
264 172 192
269 7 165
198 140 191
84 72 178
26 280 18
182 159 125
223 280 93
114 189 120
242 39 242
140 249 25
76 193 231
210 284 173
177 38 14
154 73 194
187 140 112
192 183 45
200 70 2
170 232 90
101 12 113
62 165 54
171 266 113
204 64 86
63 15 54
34 165 114
34 3 286
165 279 241
225 116 17
12 227 257
291 154 163
40 63 18
195 141 48
186 22 90
277 183 87
152 50 65
60 17 292
258 231 273
17 32 186
97 179 192
151 181 187
103 275 37
149 70 104
7 94 269
174 136 294
283 69 271
132 194 94
118 8 288
44 42 203
287 26 133
48 67 153
181 231 178
38 21 274
256 58 62
32 278 281
204 260 114
223 96 132
40 258 172
42 29 133
261 147 6
76 80 265
9 38 273
288 87 130
80 204 25
66 75 285
174 234 116
273 165 126
70 259 296
56 290 153
14 186 176
82 267 110
211 259 157
199 275 166
172 64 15
74 230 18
147 16 113
193 296 31
182 48 295
264 98 38
94 85 147
55 190 237
80 92 236
161 283 179
79 27 245
88 238 58
20 114 76
276 219 230
12 14 218
54 247 179
208 211 213
188 222 138
233 24 61
50 159 196
112 105 143
137 213 18
215 64 239
11 159 152
60 93 205
120 241 61
92 67 213
199 113 96
123 281 291
37 250 247
103 196 198
143 69 211
36 108 164
71 19 216
88 154 120
211 210 28
110 164 300
249 245 292
37 15 123
190 137 158
276 116 61
201 254 142
129 6 63
188 191 88
286 225 4
233 4 90
185 21 289
285 157 239
175 45 288
17 240 58
266 30 195
35 33 108
67 69 211
198 292 262
283 226 6
202 86 288
26 148 225
160 47 17
231 140 106
43 45 92
8 151 79
290 266 179
115 233 114
161 120 11
34 164 64
270 95 29
234 105 3
280 132 97
105 28 70
263 239 234
290 179 124
102 21 245
93 42 107
15 256 92
163 217 168
151 268 57
9 128 300
241 40 203
43 130 265
56 124 42
3 183 128
270 78 92
97 206 165
298 17 191
3 228 268
165 283 255
233 181 145
62 208 85
71 293 206
267 97 245
72 273 35
255 259 144
200 22 234
277 210 208
49 214 125
142 245 114
6 217 14
69 163 19
257 48 112
232 129 277
231 229 285
41 148 191
200 298 61
105 66 221
199 71 120
132 65 42
158 12 145
14 171 263
299 286 76
61 296 58
271 21 212
203 71 257
252 265 204
92 275 112
53 168 69
231 269 162
220 158 136
40 213 95
193 91 76
4 251 191
13 168 228
38 43 86
67 282 31
109 296 195
13 223 52
59 17 16
132 105 141
240 285 253
235 93 88
290 36 298
20 45 181
238 136 115
292 259 29
35 91 68
45 189 5
21 232 179
24 170 53
232 263 46
113 176 38
216 93 168
85 46 250
88 280 109
43 246 289
4 55 258
92 216 296
284 211 89
200 169 288
14 233 31
148 193 125
47 256 139
242 28 138
36 22 131
98 101 93
102 70 265
175 149 240
275 137 19
46 3 265
84 289 214
110 188 142
247 107 98
290 104 201
130 277 118
40 146 192
238 251 185
41 0 263
165 268 87
189 73 208
8 141 243
85 225 222
19 98 10
133 67 52
234 90 99
113 214 214
291 14 169
282 232 180
165 7 225
188 129 156
144 121 295
193 103 225
50 186 101
225 141 144
14 25 204
258 170 72
268 257 145
194 33 221
207 204 94
278 243 73
67 161 142
127 184 136
134 103 60
232 72 32
222 271 55
227 186 107
219 231 112
296 229 36
234 226 194
213 248 159
148 290 246
19 265 60
105 138 297
63 106 237
90 128 40
94 266 120
119 126 243
219 6 239
49 6 78
137 256 205
57 176 167
104 209 221
132 47 201
30 33 193
101 191 202
116 249 285
30 87 246
1 203 97
63 172 102
32 116 108
132 218 239
32 263 59
0 161 17
241 126 14
234 95 135
251 258 288
49 273 191
249 169 85
126 291 22
59 143 175
4 39 166
268 125 118
5 26 233
118 78 60
186 278 119
191 175 217
97 202 133
108 38 218
33 213 79
187 291 159
23 290 275
163 159 247
248 284 222
72 92 236
81 30 245
129 135 185
260 264 268
237 136 137
278 123 128
126 293 293
272 253 47
237 62 43
102 76 198
31 38 5
112 24 54
95 24 97
157 33 221
4 90 113
246 91 70
191 172 105
111 235 261
211 258 48
111 292 163
121 222 242
239 170 19
108 22 80
149 172 129
12 150 138
184 232 55
168 33 188
43 7 216
47 285 211
223 243 99
38 28 53
279 273 255
294 295 109
106 285 67
125 131 37
240 211 215
132 79 168
200 272 139
66 145 207
7 61 85
165 12 7
189 186 268
215 9 279
154 76 107
147 159 221
181 169 179
129 268 62
68 168 236
285 248 143
100 94 101
211 121 88
71 264 11
284 87 148
36 23 249
172 114 71
124 51 231
83 252 2
49 236 3
85 141 7
18 91 272
138 61 191
295 161 81
160 292 130
185 175 215
170 202 185
92 88 164
109 80 237
291 215 299
208 125 231
179 120 296
79 182 113
148 75 3
66 27 144
60 287 216
172 140 281
276 225 181
112 247 292
111 271 110
139 224 298
139 23 24
265 20 152
110 194 193
163 82 17
166 151 24
16 178 16
215 2 244
80 249 85
48 22 286
283 270 120
247 133 171
183 80 134
264 13 96
12 230 86
145 277 83
298 161 135
165 216 254
12 172 21
235 240 99
259 61 125
240 136 196
174 215 224
145 85 272
86 154 233
288 108 82
248 280 99
34 191 194
171 240 125
155 138 292
217 112 291
181 110 48
295 221 87
215 221 100
262 85 87
76 166 66
207 278 154
129 178 103
115 204 241
30 284 19
139 202 135
279 207 147
203 75 17
206 39 107
152 37 171
217 286 184
176 280 142
235 271 179
1 200 296
203 249 54
41 218 84
257 113 115
289 191 116
39 270 187
260 29 24
264 248 160
237 161 97
232 268 6
39 60 260
13 188 285
269 159 9
164 183 283
266 82 174
76 79 212
159 60 121
294 188 133
275 206 257
7 288 16
81 44 265
207 229 80
141 254 73
129 278 224
85 177 192
107 87 265
297 58 112
97 230 169
26 138 85
42 125 6
99 66 165
12 118 122
264 0 150
42 6 152
257 161 85
291 50 28
140 66 67
226 143 279
15 70 173
68 90 95
236 281 166
153 242 35
134 63 241
131 6 207
150 224 209
38 126 137
268 65 119
223 98 206
182 30 166
159 136 117
78 50 72
152 14 145
102 39 146
262 83 262
21 149 197
47 145 138
139 179 74
44 198 276
151 96 72
162 277 152
110 272 158
73 273 155
94 11 171
68 73 61
13 59 109
72 197 79
80 55 234
202 117 244
30 288 223
115 38 61
245 221 273
124 70 229
163 285 197
223 21 92
223 230 196
225 88 98
185 102 159
214 251 217
244 81 270
114 234 56
157 63 20
178 27 119
14 204 15
268 92 11
282 184 212
268 221 139
184 147 155
157 32 201
50 3 284
52 254 38
188 181 106
214 78 104
224 29 270
171 135 161
187 117 284
18 192 139
256 150 179
84 54 277
31 275 180
183 121 167
255 263 65
292 188 273
183 22 250
39 210 71
294 101 185
167 256 8
77 101 231
72 217 296
89 211 268
121 208 76
14 83 90
155 0 275
29 226 164
111 46 253
114 245 5
256 118 187
287 162 87
0 208 106
50 23 72
27 111 50
155 171 295
53 263 292
64 223 164
71 38 62
171 291 48
93 54 56
204 245 186
116 148 220
278 85 5
264 282 44
259 261 133
262 215 248
187 193 23
230 126 133
296 70 112
123 45 68
110 115 202
258 227 162
48 97 223
183 228 200
197 155 270
7 35 77
58 244 239
212 60 279
126 244 167
126 139 28
253 69 20
6 174 283
246 105 90
208 188 278
251 33 104
151 193 199
8 22 174
77 48 131
136 191 86
238 61 125
84 177 183
42 86 227
79 89 247
94 36 30
175 48 227
239 127 13
188 91 6
27 276 139
55 187 110
134 4 236
255 183 63
255 274 234
279 63 142
188 106 61
73 3 265
151 9 229
172 267 160
263 265 13
29 254 65
90 292 257
273 58 14
244 48 281
25 293 299
81 189 300
59 107 52
195 148 277
264 176 273
5 31 257
270 101 130
36 110 51
286 212 26
2 127 105
100 218 84
112 283 263
133 17 58
195 171 26
193 135 151
196 292 295
40 163 196
277 246 253
39 233 243
202 27 36
149 237 11
20 71 197
191 47 276
157 134 282
20 295 55
94 188 109
9 279 286
134 262 211
36 71 293
230 121 14
190 298 64
81 246 180
217 174 7
241 187 102
184 259 48
255 98 49
118 114 117
88 229 268
94 30 52
246 41 2
82 254 12
23 219 111
180 73 68
8 231 103
205 176 108
16 179 109
289 11 219
166 107 94
189 120 236
21 154 277
274 277 65
9 55 230
225 175 270
79 109 220
273 22 2
190 171 33
118 11 245
119 31 251
44 219 183
187 213 33
256 141 228
129 128 131
125 109 59
181 150 264
295 85 2
35 97 241
268 97 25
253 99 47
139 45 151
176 90 182
38 106 247
7 213 231
49 84 51
122 102 173
113 163 117
193 99 160
190 259 235
298 62 119
226 268 115
108 211 64
165 97 83
224 119 209
174 45 198
187 82 100
158 45 267
12 39 38
246 60 66
200 90 199
287 137 181
66 235 3
286 294 120
110 271 216
9 59 298
46 170 192
227 54 134
129 50 13
257 146 234
42 273 3
67 65 180
173 157 200
55 78 130
272 205 176
150 75 64
245 39 246
196 220 6
70 232 85
152 246 264
144 198 190
182 258 174
240 231 114
116 288 108
79 147 248
205 18 270
76 87 278
44 48 202
33 21 110
54 121 45
128 290 135
272 2 223
279 53 98
169 92 38
173 245 259
16 95 273
8 93 137
179 254 9
271 206 42
280 16 107
76 145 191
7 184 286
86 192 279
109 197 106
110 33 239
140 270 66
148 72 15
138 215 29
207 191 54
219 159 177
48 108 247
131 284 283
205 101 214
95 273 26
160 95 158
141 244 188
153 284 172
17 140 16
162 230 297
99 212 206
205 228 5
149 110 190
232 163 23
254 155 90
99 187 64
99 203 34
45 161 168
288 165 245
97 65 129
270 147 115
28 110 68
31 10 289
268 3 221
123 142 28
-1 -1 -1