200
160 34 180
34 46 102
177 46 127
50 46 177
193 34 6
81 177 41
193 88 34
177 104 136
46 108 31
185 88 43
81 121 153
88 164 7
164 198 137
132 88 133
90 108 42
52 104 178
90 181 193
160 11 31
81 145 73
195 52 11
52 176 170
0 193 114
105 176 68
12 108 123
136 132 159
41 185 190
71 81 193
160 64 17
156 90 172
64 47 95
118 160 192
132 1 10
140 193 113
44 195 49
46 196 16
0 63 142
41 167 152
38 196 57
7 41 133
138 12 174
15 185 47
192 34 7
179 63 71
42 34 12
145 4 146
11 59 5
143 164 41
42 161 79
140 67 22
176 197 99
118 77 198
185 100 131
179 115 103
90 60 158
70 42 120
143 174 174
40 71 102
31 1 121
192 186 37
196 28 32
164 134 18
121 69 24
165 69 146
46 80 93
183 50 108
172 192 111
34 159 110
107 105 176
38 10 43
143 168 5
110 90 173
4 96 115
99 88 6
88 56 164
199 176 135
55 177 20
82 183 95
0 116 11
40 112 56
67 98 14
192 133 199
11 147 92
51 186 34
73 44 25
117 179 2
134 20 161
182 174 79
174 188 6
185 48 98
59 178 94
80 53 167
14 0 189
69 166 17
143 142 160
139 34 148
122 71 71
127 118 145
116 151 82
21 196 200
65 176 4
8 28 2
131 138 33
71 150 84
81 30 122
136 190 24
103 69 31
126 67 11
40 5 38
123 115 121
160 170 115
13 179 41
187 117 89
89 112 122
171 197 111
153 166 152
116 129 101
17 168 189
120 188 85
147 79 197
76 40 86
72 14 52
158 10 165
26 193 193
91 126 162
163 153 178
173 14 71
79 18 90
119 91 9
184 132 27
186 148 74
137 12 1
78 103 124
9 73 63
10 155 198
45 156 100
46 74 65
23 104 13
124 88 29
94 56 137
29 98 143
83 59 49
88 157 121
75 179 13
149 104 28
162 55 62
194 64 118
135 163 10
135 37 143
128 134 93
62 73 36
22 194 38
95 161 22
91 154 157
93 79 119
8 146 137
106 4 94
19 5 22
46 101 146
128 102 90
12 180 1
152 197 12
128 16 3
4 33 126
6 163 32
120 43 142
54 41 194
11 113 67
125 101 186
59 66 89
68 91 80
69 49 83
160 25 91
35 46 186
169 194 100
12 27 184
193 84 156
12 32 46
82 86 159
141 135 141
12 36 9
1 58 5
44 3 132
84 2 41
196 175 197
73 39 9
109 101 142
68 61 82
173 24 29
85 147 147
191 82 58
87 193 151
97 96 16
104 144 14
57 85 53
189 73 20
87 130 6
156 111 136
92 103 86
114 120 142
68 185 36
153 159 103
47 99 64
160 115 127
20 24 36
170 198 109
47 114 83
127 174 114
152 138 166
5 33 188
37 141 66
8 2 27
2 81 35
85 70 75
52 38 113
21 59 114
0 167 69
20 22 19
86 12 151
83 190 5
96 193 75
5 137 94
45 85 133
170 184 64
21 94 184
159 63 152
160 20 161
58 12 128
186 171 36
150 166 137
135 182 107
190 137 83
17 5 46
143 141 62
72 79 81
108 182 149
34 145 167
37 64 117
29 57 69
30 83 26
13 45 86
143 72 99
62 16 84
125 27 68
70 20 139
150 28 153
62 110 25
30 133 171
22 115 192
120 91 113
162 67 50
95 56 71
16 61 114
20 47 8
71 173 196
67 99 28
78 42 137
156 175 69
166 25 31
121 106 156
44 82 146
116 123 198
75 104 101
15 67 68
38 6 131
37 99 46
192 182 170
145 84 19
13 175 184
189 25 157
187 14 29
3 117 152
167 103 3
160 155 62
12 192 150
177 110 195
154 78 90
45 12 30
84 153 146
115 98 76
47 195 84
3 65 78
166 162 26
181 140 78
152 102 107
2 155 71
158 144 117
147 114 188
191 74 59
18 178 99
147 125 44
4 127 50
91 104 123
43 46 46
22 8 99
102 88 56
155 162 25
75 31 181
113 5 7
27 123 103
93 165 45
169 59 30
140 44 56
171 96 74
22 188 180
165 74 126
174 40 154
8 174 124
105 198 47
67 163 90
23 35 133
102 162 55
68 152 143
13 24 157
66 122 197
37 119 9
47 76 9
186 133 101
157 65 178
65 121 83
115 134 129
63 49 71
8 116 60
113 3 20
135 35 86
95 43 170
196 48 102
61 45 164
101 151 92
21 64 53
21 118 49
26 151 103
197 123 58
94 14 189
49 169 143
92 74 1
199 28 114
195 174 155
185 117 55
2 74 162
172 198 34
140 82 161
100 113 111
66 53 106
168 195 96
186 163 135
195 99 159
188 76 148
51 102 179
39 6 43
193 63 131
137 120 130
75 118 81
98 62 166
182 141 25
65 150 29
7 75 73
64 115 29
79 136 73
40 192 153
61 119 137
162 33 74
111 116 183
144 197 86
162 121 132
150 6 77
173 170 52
39 186 1
107 161 135
46 102 36
16 129 57
127 3 177
88 62 69
120 26 178
157 3 1
192 103 47
100 140 16
99 17 199
11 26 72
45 116 170
193 183 60
57 121 99
43 32 26
157 51 166
38 56 72
8 184 148
143 198 33
146 178 35
32 31 90
58 5 163
35 22 122
4 105 77
20 132 192
122 12 176
68 52 174
155 181 83
90 81 106
68 166 158
74 142 200
33 113 71
26 165 137
60 149 165
1 99 50
124 96 36
5 132 199
79 22 18
22 102 12
148 86 85
140 137 46
72 3 168
166 175 138
197 115 94
46 52 5
191 45 138
51 122 162
62 167 13
117 177 57
104 148 122
97 144 200
76 170 181
83 147 3
30 47 31
38 145 187
77 30 118
46 199 178
47 17 6
14 58 89
38 163 126
15 46 77
182 147 48
31 188 73
141 69 9
54 75 11
51 66 122
149 86 62
174 4 55
151 91 107
49 122 35
15 165 25
144 23 139
77 165 137
20 43 141
136 27 52
22 114 12
86 190 33
15 100 68
45 192 163
4 79 81
94 9 77
189 160 191
179 186 161
197 58 98
165 168 190
8 131 120
182 15 112
165 183 132
103 137 52
83 67 18
15 54 53
138 2 110
170 85 62
197 157 90
58 21 115
185 123 145
65 135 184
21 83 61
41 78 116
34 171 33
54 162 22
126 195 133
177 84 18
155 36 29
116 171 97
80 1 5
87 108 56
96 29 122
89 129 3
142 97 163
95 167 95
99 187 146
130 24 199
39 29 14
158 187 45
142 174 159
155 94 15
136 60 10
84 0 173
61 114 15
60 83 28
157 123 19
119 145 15
53 51 160
102 69 70
58 102 123
96 61 106
93 15 172
71 130 77
188 20 161
168 131 49
159 144 32
114 73 119
173 11 55
165 108 173
154 147 64
80 30 179
9 50 163
53 1 189
137 95 70
151 144 46
168 68 16
149 122 184
45 24 120
75 185 105
132 32 169
135 146 24
123 111 83
64 41 149
152 157 109
161 1 191
127 151 91
75 91 50
142 128 37
40 70 200
92 168 124
29 54 20
99 193 132
153 186 123
188 4 136
192 104 117
89 0 188
17 88 188
41 152 105
35 108 163
114 44 29
96 33 123
2 19 163
21 139 33
57 1 62
66 175 107
149 44 20
74 188 61
34 98 54
174 198 64
20 41 144
52 92 19
12 139 79
162 163 57
192 85 17
14 183 168
39 43 11
5 70 19
103 123 131
105 142 177
162 81 44
117 169 16
115 71 116
100 6 65
112 6 153
13 128 159
123 131 19
173 82 93
0 145 31
159 27 121
142 169 120
144 101 14
40 4 151
145 163 175
26 136 147
85 56 68
195 85 48
53 115 165
168 157 92
118 149 130
69 135 59
71 118 83
180 130 8
109 79 120
154 136 139
136 38 4
132 116 179
78 173 134
78 16 107
161 154 31
103 191 182
86 50 108
198 91 1
126 157 189
74 111 181
35 141 138
58 140 128
199 111 145
64 139 5
58 130 166
38 143 45
108 33 89
158 47 112
81 16 111
155 112 32
187 159 162
43 105 165
7 141 136
83 31 9
6 5 120
13 170 8
112 104 86
82 182 42
0 163 177
13 93 95
147 181 30
109 191 103
90 139 187
183 111 107
99 159 9
95 58 8
120 57 194
105 30 95
112 175 64
168 91 49
2 143 162
83 108 35
161 135 170
37 39 3
102 11 92
97 14 22
108 152 40
93 108 146
78 139 156
184 63 37
170 121 115
77 9 40
85 53 127
156 42 91
91 111 58
110 79 81
178 160 115
126 27 147
91 117 60
58 2 172
35 105 128
46 36 4
25 137 164
128 156 123
160 192 7
187 45 149
189 17 181
3 126 169
70 72 21
102 140 41
21 111 115
163 46 7
82 88 192
194 106 139
25 152 187
66 37 129
54 107 25
145 86 38
82 170 54
152 140 97
79 43 50
174 83 121
177 128 167
171 192 53
20 12 4
168 136 60
80 138 98
121 148 80
116 47 112
126 100 73
101 76 63
37 80 53
20 51 112
12 22 24
72 139 110
88 176 7
42 7 168
41 173 138
139 19 107
34 88 106
145 74 115
154 155 18
6 28 187
114 86 100
41 57 146
68 67 30
192 98 61
116 141 123
145 78 130
86 185 100
94 81 196
23 47 127
82 71 119
19 184 23
15 37 131
167 172 72
195 41 200
83 126 84
46 55 39
33 79 99
62 146 154
72 7 138
87 53 35
186 103 103
136 6 173
124 7 70
81 138 134
115 176 111
68 79 95
6 73 197
146 19 5
22 157 192
62 135 187
108 74 78
128 48 68
78 107 61
30 11 160
30 109 172
38 175 33
81 18 61
26 187 12
134 37 49
22 61 12
4 176 12
66 117 200
175 20 93
39 25 62
18 98 108
80 102 188
100 137 2
80 129 160
3 31 19
54 87 11
92 78 90
130 39 181
42 97 140
6 8 124
72 63 146
175 35 120
132 48 195
132 54 25
59 107 186
7 132 70
120 95 77
39 75 195
183 23 118
49 7 177
136 97 12
185 145 61
105 55 105
86 112 174
31 72 35
1 19 196
124 81 30
186 17 116
71 49 7
4 88 134
165 12 33
141 49 75
12 16 34
188 6 174
94 20 17
96 162 95
77 186 9
46 85 136
149 161 41
157 189 181
104 169 15
124 21 29
2 70 24
45 68 190
39 172 29
183 79 85
102 85 97
130 156 91
176 144 42
100 75 180
112 171 45
142 159 73
66 82 126
180 48 90
167 133 169
67 2 25
138 154 161
12 52 107
153 179 87
110 123 96
72 50 86
142 93 149
-1 -1 -1
73