100
69 48 22
61 69 48
61 13 88
13 23 8
48 30 86
69 1 25
13 62 96
74 61 77
1 22 78
13 39 65
15 74 17
61 96 40
63 23 38
86 74 84
63 38 64
29 22 22
11 22 78
95 23 10
61 83 85
3 11 68
69 12 68
87 86 61
48 80 38
87 33 14
31 29 60
48 94 25
67 48 37
19 95 8
24 11 89
68 67 40
13 0 56
10 24 76
51 95 39
24 98 60
96 49 39
97 22 36
75 49 43
19 5 24
96 70 15
81 48 74
96 45 66
39 58 20
3 28 45
29 8 63
78 28 21
61 52 3
96 21 67
83 25 40
13 76 24
42 45 92
24 59 60
42 54 63
37 63 57
86 4 84
23 14 23
63 7 36
66 30 78
13 82 44
79 76 81
30 35 17
2 98 82
87 20 7
31 6 73
73 81 57
44 38 55
42 92 85
35 84 78
33 43 66
37 50 45
56 86 25
93 51 78
91 87 94
53 8 35
40 8 42
93 72 61
77 3 41
81 27 71
88 56 22
92 9 54
32 77 65
29 36 92
65 11 28
17 13 48
12 89 30
86 64 91
33 71 55
41 74 30
10 90 1
91 16 1
46 37 4
57 95 15
18 31 71
26 59 50
0 34 76
0 47 13
85 43 60
50 60 16
49 55 79
21 99 40
89 82 84
3 24 88
60 69 86
69 93 59
86 37 77
63 13 78
11 6 73
1 63 18
91 55 56
10 71 100
51 13 35
54 10 41
97 38 59
58 99 94
72 62 21
38 60 59
59 42 11
99 43 41
7 5 50
98 70 81
87 41 40
80 4 25
30 79 56
25 63 35
21 9 84
61 98 58
93 14 39
63 59 49
29 26 2
32 52 5
57 28 5
88 36 59
45 7 67
19 17 12
32 73 58
31 46 15
44 48 4
15 63 89
93 22 25
68 1 46
64 30 30
78 89 71
29 45 77
62 81 48
95 39 4
36 80 50
98 88 92
22 92 29
32 68 88
31 22 8
10 50 53
76 46 28
66 22 12
35 23 19
36 31 24
30 41 80
22 59 23
9 11 24
95 77 81
37 75 58
55 79 9
34 15 37
12 13 65
89 17 5
47 3 88
19 22 67
52 2 93
76 28 100
59 12 23
90 49 55
3 8 52
39 89 4
57 26 49
57 96 21
83 69 54
37 59 62
29 81 34
75 96 4
13 4 76
64 65 33
8 0 67
55 31 28
31 34 36
70 82 76
33 67 59
26 60 63
78 45 4
54 79 76
92 35 37
22 62 46
39 53 81
48 79 80
20 41 58
38 48 47
60 92 64
24 80 33
60 40 43
62 79 37
93 71 89
83 10 37
67 15 60
77 18 82
9 36 32
57 32 5
82 83 36
90 83 8
29 88 55
4 72 67
7 1 35
41 2 46
21 31 82
5 59 60
58 75 89
94 23 49
27 59 72
56 61 47
74 56 92
60 51 86
63 18 79
75 11 86
59 13 38
64 4 26
73 64 6
26 92 60
72 9 97
69 68 58
49 14 51
78 14 32
7 0 99
6 93 14
47 4 6
5 3 1
64 11 47
31 40 48
27 95 1
80 47 71
80 41 11
78 91 75
54 86 47
3 26 53
56 75 24
64 61 90
97 16 75
33 35 68
81 43 93
22 80 34
19 20 36
86 2 33
75 72 46
87 21 3
39 18 44
62 50 76
66 11 91
53 79 6
28 62 73
35 99 6
71 69 20
63 17 4
0 20 7
79 25 88
63 81 94
93 10 40
77 4 62
3 95 31
17 8 46
24 1 57
19 87 17
3 87 25
21 69 64
41 75 95
17 38 53
42 87 30
57 47 34
97 14 65
16 27 70
21 91 12
63 88 1
69 46 8
49 8 40
57 56 91
87 38 44
49 78 82
86 71 37
23 86 83
72 24 34
86 97 59
76 49 51
54 71 18
91 83 30
61 41 82
27 39 31
36 99 72
70 27 47
59 23 96
10 48 58
54 19 71
58 2 17
5 67 38
88 24 32
76 54 45
65 30 2
29 92 40
40 43 72
86 76 1
39 73 13
74 24 47
34 91 56
96 71 6
92 24 13
91 18 18
69 52 30
89 91 61
48 11 73
86 9 76
41 4 15
92 1 16
39 91 34
24 27 95
82 84 93
80 39 30
34 14 69
23 6 76
1 80 76
9 80 39
85 46 46
7 56 23
10 13 27
78 85 43
94 46 75
15 44 67
28 43 71
15 98 75
81 70 9
35 13 36
36 15 95
83 85 20
94 44 87
63 84 30
91 12 59
46 39 97
97 64 88
66 85 10
46 17 12
41 3 72
35 87 94
41 28 69
27 82 12
29 57 80
90 98 76
77 28 91
81 85 63
19 79 76
52 91 33
4 29 20
78 15 78
62 53 72
2 54 59
10 94 62
75 87 45
46 12 86
92 52 24
62 92 75
39 96 53
96 25 44
56 0 33
49 59 69
31 9 70
76 53 61
9 50 24
32 88 47
23 54 94
35 91 41
43 50 36
42 36 6
78 22 48
89 68 72
78 35 75
67 49 44
52 70 68
48 57 80
69 98 64
63 29 48
41 38 36
49 83 84
38 80 15
79 15 62
6 57 9
49 25 63
28 74 97
78 77 58
23 48 68
42 37 55
81 78 8
97 92 32
76 51 31
21 43 100
99 64 45
53 57 91
36 56 24
55 84 15
24 94 20
75 21 1
63 49 20
74 14 81
6 40 78
8 47 94
70 39 95
70 71 100
79 75 89
25 55 69
30 4 62
45 79 37
11 58 77
66 54 4
45 81 33
96 38 44
74 70 53
73 89 78
75 1 72
57 97 53
35 7 69
48 35 34
50 76 21
84 27 80
89 99 25
32 5 2
12 74 54
63 0 88
13 91 28
44 69 11
78 2 79
20 1 75
42 31 28
61 10 9
94 62 25
96 22 69
15 27 37
8 23 34
87 80 73
99 15 3
69 9 63
3 15 8
53 97 86
31 70 99
48 68 37
98 39 27
72 21 24
72 39 34
49 87 60
67 89 86
9 35 25
35 3 24
91 90 81
7 31 70
93 60 84
39 68 2
27 20 43
72 27 31
61 29 98
78 98 92
43 56 98
1 60 71
99 40 30
7 85 79
74 13 69
52 5 59
47 58 80
14 48 72
63 77 54
62 83 66
97 31 56
84 47 18
29 35 23
62 15 37
10 5 66
87 96 77
72 77 76
49 77 18
73 84 29
78 90 62
99 44 81
55 34 73
35 55 63
68 41 54
49 9 31
79 13 18
48 95 100
49 22 52
54 68 51
22 4 30
41 73 93
37 15 67
76 55 72
45 61 71
69 2 88
75 99 61
80 5 79
24 55 71
18 5 31
70 76 24
13 71 25
5 43 47
22 40 7
74 54 97
61 68 100
37 62 41
80 94 46
22 94 30
37 33 28
66 39 96
37 80 19
61 19 17
92 45 38
58 38 18
76 96 77
34 71 9
19 89 19
52 78 75
84 37 21
78 47 37
82 14 6
93 30 47
9 75 27
54 97 92
14 26 48
44 61 37
93 33 87
19 65 63
46 26 70
44 2 3
95 29 56
84 56 12
10 20 1
35 75 76
33 25 52
51 80 2
57 34 2
11 81 93
96 30 100
74 27 23
42 1 36
1 33 70
23 96 99
87 22 59
71 15 47
24 65 3
39 34 12
17 71 76
87 62 37
5 82 30
95 49 55
15 85 82
56 52 100
66 49 62
20 9 61
83 30 25
58 57 4
6 58 56
3 7 73
75 65 28
1 32 92
27 13 8
16 30 62
93 65 91
41 70 81
17 55 28
52 28 97
19 93 82
73 98 96
9 62 85
22 95 69
95 67 91
39 28 7
89 54 59
27 80 76
55 47 73
68 62 77
21 30 38
39 21 46
83 60 56
35 45 4
3 76 93
96 33 30
56 63 1
92 27 22
46 7 94
0 40 97
81 4 24
47 11 32
5 72 65
98 79 82
89 80 27
29 17 76
54 73 82
57 7 91
51 79 55
38 29 83
99 68 68
8 51 35
64 66 72
12 36 68
9 96 54
9 87 79
86 99 57
80 19 71
33 74 66
0 49 52
24 89 16
46 40 63
25 93 53
55 72 65
12 98 28
99 18 21
50 3 81
76 69 96
57 31 51
55 11 46
62 95 63
27 1 31
79 9 65
44 88 70
11 39 61
71 65 56
55 57 78
11 7 77
68 65 62
58 88 85
21 25 4
11 97 43
21 86 96
87 24 96
16 3 88
50 66 41
54 30 6
51 19 56
6 54 80
13 72 77
75 38 89
44 3 29
50 74 24
9 70 15
8 27 11
47 36 66
6 72 41
30 56 57
65 14 3
6 1 95
87 25 69
18 59 69
99 20 46
60 67 3
26 82 13
37 64 92
60 46 22
67 39 46
4 76 71
95 56 27
84 87 90
55 60 70
90 28 83
29 76 46
54 40 9
4 45 70
50 21 76
50 96 52
60 88 94
30 74 50
31 88 56
35 80 60
44 24 77
76 27 45
21 52 61
63 54 60
71 31 9
74 55 98
56 26 49
95 66 45
53 25 48
40 9 68
93 98 76
85 89 97
28 7 36
30 70 73
78 56 28
86 39 6
79 46 7
15 33 85
70 91 93
84 86 77
48 0 22
76 48 62
42 82 33
47 18 5
73 91 35
35 2 59
67 4 96
53 90 39
47 27 5
46 25 39
11 52 49
98 22 13
26 68 18
84 50 10
42 79 22
5 94 17
63 79 29
7 62 36
3 25 33
49 97 89
54 39 19
90 77 55
7 66 94
24 77 89
39 49 20
96 90 58
97 59 35
47 96 34
6 32 31
58 36 91
17 41 90
90 58 15
30 78 32
64 81 67
64 52 30
85 40 15
67 8 58
72 79 36
31 19 94
5 96 6
31 58 96
45 59 76
62 88 80
48 29 58
56 64 4
42 85 25
63 98 22
8 78 77
22 68 84
85 9 8
29 46 42
68 2 60
25 39 79
11 29 68
13 21 51
32 48 15
20 66 8
48 3 44
22 8 73
30 61 90
2 53 31
-1 -1 -1
29