30
20 27 4
15 27 11
4 15 24
20 11 9
20 24 28
25 20 15
27 12 24
0 27 13
3 11 5
25 23 8
17 12 3
23 6 21
11 13 9
27 22 19
15 2 8
15 14 5
18 11 30
21 20 15
19 2 12
1 24 25
24 5 11
1 7 18
7 28 15
15 10 20
9 7 27
10 16 19
16 26 11
0 8 29
29 2 4
14 5 12
5 20 16
5 28 9
28 6 15
25 9 17
19 7 17
3 7 6
11 10 3
16 17 8
13 23 4
6 24 12
26 5 23
19 23 5
28 16 2
16 6 2
16 0 6
9 29 1
22 17 6
26 29 14
29 23 28
19 6 14
1 9 6
9 24 26
15 0 12
24 3 7
18 29 24
14 18 14
6 13 27
10 2 1
28 27 7
4 2 20
13 21 3
15 19 4
26 1 22
17 3 23
19 13 17
21 8 2
29 7 7
4 22 19
27 25 2
4 3 27
15 1 15
19 27 6
29 21 20
14 7 13
8 19 21
21 16 27
21 26 28
25 24 30
25 22 24
0 4 18
13 24 7
5 25 5
20 9 26
28 17 1
9 27 9
19 16 23
9 15 27
19 17 12
6 9 26
2 24 15
26 14 15
26 22 19
17 26 11
5 19 25
3 28 15
11 12 23
15 21 4
3 9 25
8 11 4
23 1 14
21 22 20
14 0 22
24 0 27
13 10 6
2 27 14
24 4 15
7 26 6
24 12 12
7 8 20
8 9 8
16 22 11
29 25 27
29 11 25
-1 -1 -1
26