50
103 219 647
756 930 640
592 148 212
514 828 1065
724 606 762
504 757 1148
980 19 1262
243 584 922
208 448 658
838 168 271
470 333 963
934 438 396
912 11 1225
635 252 724
325 849 129
479 565 1032
362 217 780
979 915 1023
992 10 922
512 945 760
624 9 1188
604 73 1017
713 811 1061
776 843 387
413 603 112
178 380 609
285 630 1114
374 656 790
554 720 588
773 55 1138
640 428 1131
364 443 1022
32 122 1143
310 234 246
19 864 651
997 584 1030
903 554 168
325 916 661
892 459 1134
585 639 1176
179 643 14
645 39 271
895 158 977
803 109 142
262 110 103
617 51 978
373 827 1248
580 936 690
429 226 1025
446 625 542
651 794
613 734
330 349
219 674
293 249
137 951
336 986
789 730
12 671
154 201
548 139
622 437
851 468
996 332
677 358
508 464
17 599
738 436
553 606
18 597
299 614
559 799
834 489
640 566
755 46
81 303
3 795
55 29
987 609
416 114
550 323
813 308
40 773
796 311
172 435
71 800
125 837
400 121
673 838
551 164
668 264
140 576
937 454
313 714
534 609
119 723
899 465
731 970
113 436
998 344
