500
852176 529897 1234726
874388 666405 43877
833260 893066 621333
84888 207733 126488
907934 930229 996387
117295 536537 659754
89605 150293 245696
626164 727361 632035
251333 627589 915875
778856 543214 867354
714378 724368 996248
648193 206010 720294
529155 8530 759638
842755 225015 1031311
335553 736958 701463
848014 581583 514900
530192 208517 526182
822282 413797 479327
713824 986667 40754
827168 308841 491889
565996 111598 665533
920997 921758 1145584
884410 578940 1294933
527171 303024 681348
729069 277627 1284461
668596 890798 1120560
603224 315715 622623
805478 301805 103488
783881 556726 753375
89986 588719 1188938
58765 869057 242529
670425 409133 283524
808414 458805 960382
203842 269480 159481
301890 650276 1192746
728580 40722 1130537
215784 683457 976696
471175 273459 398609
875330 607877 485905
189149 56402 322909
177033 77617 711897
700912 950726 62260
605994 906204 928278
107082 472563 1250786
137510 589910 27571
192653 373892 1062006
799215 828076 1271439
320049 124819 284734
210215 668379 1014543
539605 55384 223140
805807 555457 370592
235620 206514 1215073
283298 32953 1227090
470762 545483 391563
233679 987446 424552
283585 79709 962894
181436 20594 301974
740042 667729 813956
346072 220989 151671
472526 103841 126367
71216 228324 396279
380868 992355 606879
383879 259789 317931
780642 164608 1057442
251512 705361 597926
691540 676940 1199608
487608 254855 611835
408188 147595 916539
843395 217301 1169746
516973 953908 908918
170477 209078 74758
576557 659362 115636
573314 252960 699649
428160 946901 140067
956075 865677 331911
240702 715647 16605
963562 488227 801308
810501 260995 1152601
911272 65362 18430
478192 181577 305074
397555 740264 1240902
83877 47407 400370
910230 683191 1184167
577422 99876 448079
981619 611071 306631
353171 982015 644796
967674 924543 33857
101328 839200 84984
702777 314878 1194698
514818 322140 1054128
472103 836526 1009361
155143 634928 282779
93200 766428 632055
722707 299555 209204
836852 396912 259033
779382 756442 571507
797288 337691 909486
924050 778857 1053681
720421 289986 1145566
498191 465537 1146941
825936 199281 253347
286781 486912 1269100
576857 212342 1270544
84579 864770 594129
343142 705290 1157541
494304 279686 782340
426487 124121 306270
376969 423501 285126
333184 597656 1006769
383139 358945 29882
393195 100223 935859
423918 361716 784101
836560 574520 1288798
124332 55398 897150
666511 502397 1130194
548770 688372 198049
59081 859504 1009594
460103 866124 1292246
336921 742740 544731
799416 377530 1021423
683325 999759 393377
952410 859616 450419
935020 912438 335109
775097 80240 1096370
958824 163318 1097750
111482 47791 30363
846448 309801 999562
205084 684981 694243
279842 815571 619461
395401 349885 13124
724945 483173 1130667
935571 992945 156309
103904 651697 41592
14947 628986 910740
423736 515854 292390
210617 681848 1245751
189605 503316 405825
566962 783874 1120385
504829 711246 14685
385497 935176 132980
415086 406104 486245
56035 488139 38579
342327 74299 1172138
356159 452087 705948
976920 703476 125424
500530 649456 771915
113874 32495 1088617
927243 222373 324593
470660 490884 830881
841618 374490 748664
862083 966569 206803
208530 551543 10894
735914 867795 415694
124795 442755 1152655
363346 354536 492785
211034 80298 73174
142910 882478 296125
429695 855212 1211994
759028 628562 1158804
120198 532005 423266
912645 462899 1111887
943303 131416 68430
927516 41232 1052661
23226 864441 1191557
641545 944596 116179
610969 38355 971084
188871 798770 373159
34858 1676 1192534
105740 602124 870759
289892 783731 532442
282888 171975 1267799
860984 263968 580193
748868 601862 804047
956539 73564 18914
457985 182693 430176
374895 298156 1127103
216582 326273 693542
988896 648277 267639
100568 529698 196215
214817 64249 1257454
678679 138935 19050
322996 142818 41364
420783 251159 218887
71314 138393 1237316
757547 585671 376525
523699 106129 464173
590134 302972 762866
558137 903832 99702
386882 54059 1160483
868007 534053 1132743
76780 906158 323679
507694 135065 757728
123779 979281 110806
909541 437957 994328
487393 302676 1021429
284075 438680 920145
547885 131681 1251048
265919 352478 901383
910500 876762 20920
564419 714350 986099
56982 646831 517892
357872 672414 1145499
442472 972586 1238453
374321 359358 4368
706150 535128 675546
995687 356846 545801
199889 768371 508520
748632 768767 791404
500656 495683 802914
512518 853596 905519
196125 504542 1101843
961365 388054 1102613
191540 435969 694559
291877 267624 1226164
50934 218713 435885
732201 43627 253476
213564 709375 371941
389887 931302 121216
407555 937720 651642
685737 862525 990878
700577 290110 279381
857674 154126 380665
401242 211868 1062811
611098 114278 883076
281385 280024 681456
739055 80749 102526
354606 51627 257254
572657 454489 665846
540482 880602 203943
570275 471376 800461
345240 68177 488791
565135 896568 126261
783387 718057 45822
975148 202151 134915
643769 134627 905064
523743 151865 514190
133447 533628 513816
338859 102651 604921
780749 994003 1261234
236496 80464 727446
372756 508753 239018
821390 154911 121561
282983 924628 577946
895115 96260 1292134
105855 271594 100997
867337 342098 371049
576698 468578 883706
971670 503357 1040665
272008 972897 601521
737031 919555 1211959
795859 931359 331064
792390 691477 133671
85086 449341 747126
546662 997707 265380
397302 643432 1253834
79257 94265 355988
412012 560855 503699
457267 158952 30240
169051 829684 778687
915628 768564 1128781
412359 816627 451684
265453 838531 1239042
288145 20764 975865
961756 254370 958022
873292 221407 1162775
482437 278712 585015
811050 171960 464135
590527 430021 1283598
586469 282582 287642
342773 788312 1063542
405786 990307 722856
691052 355645 1175366
669189 352950 1141331
240600 367586 564408
600819 913589 217645
572863 36912 1096393
849673 424907 169205
527162 830295 986439
430257 646129 783702
996087 828382 1121222
924700 593339 93942
83214 770348 997592
355681 17601 206127
979905 769058 501173
368220 855427 555415
388021 245305 421340
958147 774760 673720
618351 485786 963853
75401 576233 1248069
95839 113892 230057
328238 678178 954665
691670 979151 1186750
634850 396209 717242
373515 171488 4364
806872 67526 866538
852531 946700 142071
192010 736892 795062
135584 675302 969615
74462 620505 857951
176091 317123 140792
346069 106271 1239229
471278 449974 1183719
307348 732480 1180908
373239 476110 46305
983457 369302 245448
969737 120156 969197
564387 780139 746029
993209 234219 466002
276386 35042 673681
985845 638590 855744
26213 994372 250902
95606 562205 441018
61071 119867 578176
611787 321370 1070895
57695 691688 756741
736748 750199 377564
83693 109651 374843
225634 517209 804910
133856 877094 1155951
860488 778042 34028
648782 356956 911260
53268 208662 1092654
832725 664129 877949
880529 465152 442700
314486 175775 809795
808410 949588 996667
157040 958037 164056
632094 650765 954448
997536 753433 1009219
755142 344148 933180
800984 350245 828668
788773 153813 870217
989928 806270 765056
427234 8893 769184
605992 396690 702109
984355 250250 1245561
13083 265944 202912
672218 506430 188423
705048 290724 584770
27035 307713 448836
432412 448535 1107829
184699 668611 1140977
915590 495628 119705
185319 940185 246066
110159 549620 318639
522228 621000 569794
37978 790651 284980
263978 654538 617876
57164 710297 483770
908320 258554 202542
258434 434908 615875
819042 373719 339322
79431 443833 599221
751193 981346 488691
449179 675616 1179306
483291 241289 426867
838694 368891 686670
655278 531151 1025031
577931 819730 338080
826603 485445 783936
52540 819791 1204205
882158 565878 551673
706680 593541 612142
167933 647652 910757
545173 953605 640237
823811 754130 200928
621012 54772 184260
139596 642011 152901
264968 885582 1075540
331708 281897 310283
758525 844701 669071
649139 523661 426307
202003 14490 706939
993280 605901 475916
169253 822403 316478
552534 388753 1277785
246055 27862 1160360
286114 199335 20188
138982 388268 154951
970647 131144 126510
198455 301243 611193
703512 92248 539764
352511 32850 871735
184245 559370 228450
572752 158945 1245021
655292 439134 779083
72422 470975 1287372
513593 731429 695137
586178 666753 197392
845202 564630 522440
39884 101186 1154021
89148 660239 1169841
36378 821751 27281
204713 533363 1292269
667708 873867 27971
519674 615507 987203
340923 792615 663374
889500 664598 896990
588526 446978 1167625
60559 277756 820834
46267 647193 421494
912038 610435 1096521
775614 791362 659514
784337 318854 179318
287670 308117 41394
176437 385568 930070
565761 795543 1218533
569975 613495 348130
83277 574096 1028305
577228 545693 519846
152990 736496 933151
1688 173673 1278329
838603 90975 844094
363747 675141 330521
248259 725881 414413
534531 896495 668834
898544 963645 598987
27956 824690 582218
239240 337853 1268489
846701 858606 72052
929599 14651 140489
18887 205387 622215
389211 300213 431330
806694 965761 829706
647509 455633 1203892
34088 906404 265565
45911 292200 649304
30623 409441 867881
291680 36490 623652
420918 556378 529474
239546 417007 1193552
704364 63124 93213
94006 749433 215488
633913 109087 425312
236646 572544 283107
31020 242538 932708
8222 536471 1130733
146859 922250 304211
714102 721972 1273103
135819 468104 338360
210796 456291 680985
756457 486277 944377
468820 627965 947530
520474 631613 705414
844477 218018 11664
189758 957347 1182935
920565 722962 858566
316191 323806 540268
242176 884795 812504
193556 904502 264066
711038 791884 115228
400291 943041 817815
600496 965915 1018151
160062 777739 703975
8093 346891 132777
101108 807170 858296
193337 398999 142512
39239 424696 926072
486071 833694 364934
361417 149999 486761
804634 871458 276779
812652 567579 748399
978037 920283 36272
509227 22279 470318
887792 208838 70957
194826 876746 665938
875954 507944 1007951
185623 29522 513792
17646 223948 667255
343896 724111 820737
242416 377898 402627
47337 722110 378532
489819 647698 869883
674680 632572 364976
197040 777714 342785
216020 786682 752780
742471 501222 580298
589872 610980 225560
697159 372070 499440
571682 872119 1163721
373020 645029 396085
748907 826835 661099
975459 773899 947220
98509 561067 677686
709096 736157 308433
454524 306547 854566
177492 68631 1166755
469823 482115 673150
381185 731187 287980
866184 567714 1195820
47465 613710 1131383
537816 539507 540599
459655 73831 381302
961426 418223 422041
432875 667555 597062
963002 614086 535568
282258 351636 1289213
673720 112751 279103
13481 110111 292278
771881 259622 122438
469799 878507
44117 857325
144786 38216
176107 363940
626808 7035
872033 55033
858009 741791
152462 143017
615376 814702
702294 517604
617304 391521
903261 937818
984668 255185
737690 342600
370537 292651
426208 98109
563298 895493
317895 278488
939678 428822
887639 125915
719817 173530
840854 117402
598281 733352
205167 989300
197613 677941
911070 688795
159912 943339
396590 29302
911680 68761
705205 714646
85057 284267
436994 868393
691073 848452
129358 877187
929204 455396
238424 602411
999221 738389
983030 668171
474022 536190
781800 365078
642129 941524
531597 92245
207705 96478
470306 374694
415681 220866
45620 789328
703062 334309
96011 729050
451677 832350
879401 469746
855472 864601
214117 514303
287487 396326
49411 469764
573062 46284
301680 738391
954849 279165
836732 683561
275591 839833
592777 990541
148504 823149
794375 98726
916852 277799
237405 747859
497667 161920
909739 722010
861301 93913
813921 519941
300066 915727
915627 784940
606604 179318
485904 850048
376626 399506
647405 451952
411482 705725
686711 643963
221818 721859
655317 11018
46087 572014
772931 665897
924901 350750
355660 103373
332797 475171
404843 796944
115147 498425
290681 878479
415924 238644
341255 487696
969704 992823
665748 483180
414016 311107
400619 267505
758886 399167
128541 730090
382817 693664
748583 420340
397479 18424
517910 789158
118629 392993
765498 669078
731574 924123
947972 451599
33533 920782
299991 880362
456791 245261
438487 718350
927871 764932
420850 756113
126261 699783
665415 856678
692306 488429
179188 465445
831822 616202
643928 699162
426496 7056
52133 424172
81606 4859
425026 326789
414536 243452
171300 480590
332515 297087
586912 298270
900908 465782
957948 972555
459532 960565
246558 477043
451351 149923
799839 78036
677080 355297
180151 456439
758714 889223
251493 42448
654800 609744
227005 517154
813958 548784
333620 804834
516180 984883
392519 221047
511701 158705
21397 288731
419167 266168
852361 709396
372790 840405
570476 627601
12749 542329
245239 587804
667268 10754
794709 92630
667477 467208
883545 802328
799512 211877
995944 99266
912539 567319
126924 91932
132891 752233
597633 665985
624587 417572
761175 564435
38143 668211
835129 310048
705793 990111
989296 535640
962075 741705
72682 195017
306257 77158
594521 72097
654547 996894
28446 858896
188677 18192
825144 864736
691479 218199
982374 810251
307182 533737
350858 907179
455807 152873
355531 368819
873525 426862
796830 633025
466091 857117
61450 832058
355470 98202
676739 395617
990415 932013
963782 441242
200967 319316
610018 296458
440543 370081
783668 988749
629935 271694
605500 635214
377112 239793
346155 277693
921405 647793
942441 153319
947353 162741
291118 777746
885312 379738
909996 926212
237644 479497
424005 280249
11822 399235
98718 11708
494638 167317
373461 357314
533662 1518
201539 600982
947540 346700
515599 529785
388324 486059
367387 362648
636832 404408
996031 166616
756818 791029
657477 358626
494489 193354
983515 33030
11159 877929
281217 782763
923277 848931
425842 432234
975927 8035
260287 106178
855382 537417
957800 415885
17972 342193
188323 753317
426316 164785
217803 239756
723735 408107
3931 478515
860304 127818
493647 11881
152388 381758
564695 381630
79307 767458
282981 659945
672900 126903
291817 898427
392201 21425
8055 90537
419121 357251
392503 652664
401035 992780
428777 411343
237299 612047
841396 321844
546267 222280
19342 959716
557395 970115
87541 745207
124214 216410
177556 743156
789060 700265
401521 673257
746897 414552
746775 626042
440782 699421
178444 910599
663535 100005
252877 214773
862402 792690
275624 50252
686811 376076
65245 232989
458649 540033
843708 974894
242841 489415
557377 722158
199200 575431
169146 180082
754203 6806
370297 867977
877172 359963
115434 117257
463244 349352
29422 501879
660747 573574
212015 181055
258164 984749
399086 783834
956099 469695
873763 854606
99228 723092
720072 193413
764716 727344
752419 875020
530668 808767
331993 551715
517036 880436
862616 731013
430771 863025
777355 306772
814549 483777
704610 426659
740731 376742
19642 243402
20205 962389
706855 511292
153762 37706
78141 106135
312913 257169
870066 180660
2945 143044
384564 59114
613654 414683
848855 5696
424830 899911
42552 901620
961843 215480
518120 801520
381848 369443
796099 737891
310548 246330
93648 51861
753762 598592
1570 900292
292534 844196
307804 56270
227332 340753
725912 101065
231914 519117
780760 488449
689024 163533
791580 32409
282747 652952
524750 568600
432253 165986
925398 391393
20302 875354
269261 380648
143667 956615
180498 748526
404043 28826
544188 812782
10536 208423
496540 475802
750990 812011
171598 331069
217650 204634
163667 662743
403739 998173
441344 25038
948375 750437
969730 264596
814976 976951
202457 82136
711975 480799
110502 434353
189857 142251
834493 340772
716359 588507
65763 516988
466243 686076
118615 433266
810238 758317
64545 980298
445770 874089
545949 452340
220131 890916
711205 656281
116127 561270
975364 451398
712710 47787
698761 36669
71698 885110
593009 219617
160922 95532
987222 531130
413510 82735
823859 936971
660078 945643
404186 466687
133350 118122
679588 380800
945939 486546
226965 199473
388841 834875
998641 250756
617978 260537
598828 379957
55854 320929
736292 930496
87537 214563
991380 988781
435876 525895
958697 498053
871867 827650
523752 158777
574175 590767
691177 706571
18780 56960
84010 16110
687280 928058
113951 329135
267613 966979
302770 431416
123759 240182
170000 328008
887184 313205
278183 870595
498786 895287
792940 348880
730680 268989
317324 837328
361946 806460
90522 98785
624180 870781
668106 229661
153524 25847
902589 906023
809253 103211
276334 71621
402739 887203
79929 970125
408945 290939
998118 813789
762552 631160
73511 392045
49444 359928
472228 326675
982628 119909
511990 254172
663799 701847
813021 519784
441171 104799
812586 479806
403444 722578
638329 340032
569326 213705
294483 38086
708354 993764
583857 774135
777625 300450
565419 651830
294898 492344
743783 254638
434937 636379
330594 156216
419173 488834
296935 297956
297515 871321
618473 936413
883839 205970
259642 567390
444085 512350
57107 934266
441813 228670
526807 255417
402406 346123
129678 999908
440981 959770
44128 360530
925635 152343
696870 324003
396086 210620
25413 860832
99212 871818
77506 947093
601825 862151
903459 142666
152607 391831
262995 7486
319315 137282
543989 487357
336046 116765
541911 84230
298765 405807
352152 210433
451453 358590
855811 400697
334862 383063
624568 523398
788438 405448
250894 54027
348496 460803
935338 46778
444415 691615
275962 818140
687435 324888
97837 396625
945568 311826
438767 60291
659671 905301
50704 873190
86712 115543
284653 820654
87951 706463
551753 411128
263301 220563
113247 137493
962588 408328
55162 914005
763159 759646
301638 435306
809702 682121
24017 176941
939760 697559
923078 925828
594002 648994
368341 606833
