500
388221 366518 67762
129791 853611 434823
471195 264589 928790
497003 519880 226147
214674 712488 569388
471852 101431 1155635
260244 141897 307661
561510 789891 615830
991924 673824 986825
515600 442320 824519
360626 863986 926147
639504 944997 390876
988892 184142 822157
193932 454699 73337
103193 310529 1298391
421447 55329 331193
429770 152863 401651
968034 597325 387932
11233 345965 1087168
542809 568403 11234
902885 399362 530930
769918 27557 1218120
695415 235864 957139
434571 128865 232030
509450 144215 786432
750673 257807 770663
774855 250536 634483
369663 25503 551691
506326 861098 569417
619052 656220 1267530
128305 220770 21140
211001 136793 1285106
194264 60628 357091
261909 606690 1213114
961600 584218 593920
622487 932604 215180
336850 498203 847000
208865 167475 664616
226751 282989 1059046
14281 587032 1053694
709458 539586 129126
163103 757413 732003
636280 955214 966405
380205 106389 78555
526267 961288 490330
451891 507490 1094955
59280 790747 591214
305268 570693 16520
410794 552012 1131295
970967 258402 1000539
876336 831322 353240
480728 332933 266280
104947 886285 620802
500546 333617 1283971
814678 626337 350012
822713 497599 449431
640869 547571 878811
256816 499710 117200
748444 722523 997012
249466 340065 846852
326081 743017 1149884
638890 622978 1276443
96161 784705 840019
616385 182363 872562
371249 383336 404746
501842 188897 756950
674894 337746 523178
107290 775041 1137985
597771 195546 1260821
658129 786340 986199
489101 9789 634908
516208 934169 455299
474826 453132 1068456
826949 844595 44703
486162 536654 1119821
744715 697172 64587
602871 367807 1073776
119236 114037 147844
437243 997037 912114
194520 931414 83428
453634 385400 824801
222011 859449 931426
164001 925383 278326
31908 612970 19227
906304 205525 387893
115166 665425 404855
468336 44660 642669
345880 356393 649985
876104 595138 23231
966885 261350 1059569
76118 77486 1046636
380387 456007 688827
398087 430432 588468
58179 423300 1025142
828327 338846 1002709
448899 199498 670650
463841 420070 82798
402467 483541 286102
53923 789376 1229237
554703 175512 928043
116485 347824 280535
109732 886976 1130859
52956 208901 1210632
241200 124924 347410
832155 983364 612894
557132 420659 610248
257220 494540 615655
850426 101574 35094
735249 419678 658585
341742 792265 353379
755813 858068 385026
350123 413246 492509
308446 272829 1277622
577557 499734 701227
735467 808759 379975
577832 828517 1018520
435525 441396 1117677
785299 324901 356266
702725 817238 990028
536349 747420 50475
597380 456205 990668
890369 582852 1257311
998223 986308 1089683
806069 520157 324614
497051 522335 887655
425647 990225 255992
751117 436325 202425
56051 238137 486034
862925 652032 997123
181995 437723 746647
736512 3203 242568
136317 147195 1095681
346675 920187 456141
72251 646880 955207
756753 29239 851580
421703 486424 120088
733758 146408 464508
530808 817208 509754
792600 334792 911111
2702 519651 338790
442905 117210 27613
502155 812086 868321
712056 628251 63612
605344 77541 962740
390234 742465 463111
557624 669307 136959
940031 636760 538277
380786 282937 850389
461910 657786 1264871
448949 225830 793344
84090 170235 355034
690386 190178 870563
432104 837846 574484
107458 399109 494523
923328 966063 841094
13945 731574 952012
677380 504032 1143672
525357 298569 990942
480849 562892 1215774
997078 240552 52782
569597 924670 938881
764442 640179 416405
701235 539650 314693
948227 676787 948123
705901 912203 1163500
173906 160504 470845
623119 120157 482991
906930 403644 234274
50066 888950 1170216
970433 413024 298782
883402 521591 1186272
690318 207849 996227
583062 667339 92555
447363 466671 516390
272521 972827 304416
987478 474029 802782
115485 840270 415003
595864 533917 601991
819303 270442 1136978
597373 479785 752174
166632 138478 497365
688764 619170 709965
34064 680835 1180062
62971 985880 856493
372228 208462 1264564
814294 780152 807567
68071 601527 1174123
125251 40238 322591
699436 232579 1011625
661477 866000 1131444
151224 645328 148691
588366 38648 759287
94177 945378 126293
143125 168445 996649
240527 978539 841337
900616 456970 1249053
956485 153122 1140328
218406 92543 1007628
264593 762706 680714
970665 359150 988390
513905 144789 884498
1278 741749 524478
936045 793779 840413
550974 188715 832237
390586 387289 92228
163709 404883 561645
851239 688941 988076
202750 389549 324868
566514 889088 18953
249704 441958 662314
199214 774283 905194
989086 272432 771964
254729 615022 410047
996947 430458 184505
705206 192045 328590
231171 902738 1093278
861071 119398 796196
781787 41512 847747
876874 233595 875750
28194 578760 720981
148957 875740 3298
847157 395765 606887
291098 318637 524792
573442 813749 1249385
686579 147352 1112926
575151 855857 1073326
741041 971424 3010
341335 507926 180943
322297 245295 550557
200858 874654 260583
724231 889653 636861
675714 606674 11064
130777 628577 175784
831078 20583 1037256
944887 857886 98141
431885 786412 470658
908452 896038 883668
70033 509809 669527
944166 584327 1297239
318870 170280 597934
707655 75565 412074
321715 788775 349085
499096 479148 469107
810131 445359 883312
788322 328709 249406
132512 663478 132367
190703 886959 853242
602343 811013 820692
51357 218941 257707
173486 54564 17015
118087 963565 471428
782989 98276 1094412
587454 708504 17989
791876 572213 107435
797663 221361 1164280
692998 931163 1093160
670685 427924 1194950
983683 594357 3194
967473 944717 1016360
310414 971814 905055
431683 448070 639253
439760 214748 1087181
904731 956064 1178215
991602 605521 1075875
873644 353807 1077437
395296 154552 455318
943327 633050 1143123
369238 33206 1136954
245434 23695 870801
121906 587133 629707
432942 209474 449715
639542 699102 582911
948549 329724 568265
523539 726810 49176
673519 809517 511828
753437 157418 511339
92386 675763 378784
9492 628786 648360
842147 712052 588199
222425 650945 445526
510451 691686 889980
931430 7606 929548
464950 854390 1063885
451637 162646 22450
204247 694068 94917
580971 305838 1056377
542772 725165 1286200
86495 641333 515301
109495 269830 1237227
71287 19948 75985
283151 902030 193791
75876 244400 450697
553718 101371 596532
246217 551705 823850
503132 949007 627397
223789 269397 669663
884984 886009 1279817
292111 189851 471300
772352 901381 212723
741587 29088 1243405
710437 650062 533825
54413 963424 938684
468636 300955 191815
752377 10778 924348
112262 408772 918468
946473 885078 197931
582955 532666 513117
664706 729585 919577
488781 485461 627962
981274 565110 1110883
815507 52276 1220895
184469 433377 1076109
818661 219292 791561
672478 866987 102680
748147 294543 526988
880555 917675 477966
784225 125541 1124219
667849 203185 1040916
13116 955693 462651
274731 660638 591797
834938 386783 233381
618033 78532 339898
749569 204664 1014880
906896 919732 226393
860380 980393 161319
466770 514740 915624
713337 477397 611974
561836 149323 215837
841730 523747 93350
129233 120430 1208354
259386 993375 787662
386645 725237 877633
976451 519059 1296754
826695 638577 143644
677059 347752 314825
101567 563191 780420
701380 59809 412116
237325 785289 37728
195417 595675 839042
165492 253226 1027781
718387 926826 304551
637951 395131 1132862
356198 863458 1177802
223463 913259 314267
906772 191166 412162
982001 611116 527930
619571 711153 462474
290670 355434 745626
156456 659277 100374
336425 955989 240827
455502 405393 292187
284955 907661 218699
320729 710310 856996
388748 33726 809439
410279 898839 1068328
553193 315760 445716
660579 962669 524924
393208 118802 1218218
77384 31535 1059833
82984 364514 752551
659744 607369 294930
41201 246615 82881
668012 727665 576362
468783 514345 1147392
170200 957354 661182
432095 306468 279036
472892 637788 585130
384617 923685 58203
173324 262894 952430
498362 483910 236969
493873 748654 720779
696269 639682 269600
743250 355650 1064737
191500 639436 327551
716295 155155 572452
578495 146611 262602
539423 318126 1121945
973961 669909 903468
4956 191853 409735
44413 830124 1105986
983939 406621 808867
417443 901144 903496
448897 350322 938802
298513 601258 425833
363902 816351 963338
9459 261774 1145140
484804 250218 702891
429986 32310 401338
895883 145401 1937
914111 416828 976851
849931 162791 423672
606083 577541 271524
761038 122364 915538
619636 429428 6532
262712 16621 214387
457821 769144 614094
982036 87161 816735
231709 133818 6217
123697 508858 358760
836770 766869 1265946
8981 917973 983249
8143 303774 1227919
798316 627685 33977
900031 80558 537039
547156 486548 1031795
200064 260489 868935
256690 356478 432208
74719 926746 311229
578687 842297 12425
874566 211544 223593
776197 45502 1129456
856931 325332 973040
322062 878021 482843
879762 323756 947311
72775 983765 543601
265868 936612 300922
315625 925916 420446
235202 466247 152104
613613 198540 700006
617667 882642 968062
964464 851169 191719
402708 41960 1202204
540601 42459 1229472
264152 580593 661925
218544 760661 472416
258829 300189 17949
468947 709115 215698
108644 212909 812892
66405 874998 829633
217251 489392 1035999
991164 589429 609441
334575 467354 658410
476807 923875 812418
336851 501759 32408
379380 96523 349135
294309 482954 715058
79433 181744 1018278
805123 131906 827175
785709 736575 118245
421461 434723 261498
378143 583066 73260
571826 341006 1091233
489372 161042 720343
948036 365892 65285
239833 956390 350464
821301 111588 994284
950825 754522 1204354
997882 418394 143303
38075 163835 156698
256600 28641 171151
715113 815582 1055147
659185 584070 342382
998676 6441 784659
586892 943306 580959
652119 8486 104692
936934 421178 441679
249895 906971 612209
711017 76734 330749
702372 630605 422563
101456 410392 552059
194334 276421 762033
993120 931356 886079
848850 493196 1287619
333563 619147 243227
158232 455137 1269680
680120 31818 1139646
67642 341605 875083
820004 463117 517827
790990 672819 618417
584700 968317 1180205
997650 758064 361460
351265 590834 1044984
445161 869360 291661
748405 482991 314696
580957 413329 1265135
198796 518815 408327
112822 82758 842254
859566 277616 76648
387344 978233 530453
841313 571834 669481
922515 663970 890856
122171 729018 754858
494818 500869 927439
490088 849332 631069
55672 741620 1077043
690160 404588 658365
163163 684328 272588
475418 543911 662559
733153 558779 736360
668608 981670 1033291
737441 169200 580824
961723 841111 1198224
820236 497556 1164559
461992 548189 432326
430104 176914 95295
502322 914280 1001527
163425 649104 977325
249339 296097 746024
626173 440996 936248
272208 322129 50106
914981 158671
119592 869868
861424 414221
750223 867200
783754 693214
140568 478774
861374 420619
49567 682491
140196 656296
261186 627806
949199 135771
186380 137008
465502 342928
464645 441938
418479 91523
889834 953661
771523 231788
209553 853462
907168 256549
733092 891504
284993 109712
507414 575388
716676 531605
457606 4601
317449 263425
936918 113977
801822 542102
515348 387585
848060 109558
20212 73703
996323 456754
755450 403118
880212 484166
115410 578527
576622 94308
620162 930796
387679 861800
95392 40415
588799 927974
865275 380512
989265 121060
267510 177145
148610 138281
566737 957585
200262 389159
221234 770112
569652 932801
462928 69019
903270 629438
631219 525704
867550 362731
210719 403406
798587 640522
253517 423464
853598 372655
42301 112791
378958 692217
384343 285536
518699 163998
890562 489996
373171 900570
496942 465726
807754 800895
949476 868595
506555 388811
523835 657146
554219 953084
496251 385841
205151 548974
909479 947654
610370 721822
679242 260801
870575 774612
46628 928781
334949 467127
258558 494213
787910 303673
249407 941707
563838 745359
67947 240821
554950 14881
731904 339918
929729 569912
819014 395026
211404 320101
95505 334756
587124 616368
607737 362601
545818 291501
352017 696876
921220 47909
669964 857243
814054 128732
200303 535916
276456 716558
897977 533943
181665 177650
536842 592201
835483 613602
775525 458653
945270 246449
827288 61465
567643 321069
842904 656782
844996 956716
921265 606778
615016 477625
479712 151457
566290 585848
533474 289973
140190 642713
162753 877268
101362 337663
171736 289057
973786 168390
846147 458509
304029 413485
880173 905383
218870 352774
532793 761304
284162 774878
45331 244323
571951 659028
894954 591529
491753 273589
436358 624456
134230 441439
989922 145199
25480 938017
760828 875863
74804 749863
155518 886691
924095 241251
351619 227697
457266 329598
306774 87602
184897 408804
700345 443905
333280 894735
515368 454340
884390 147159
913686 224717
823169 18970
706364 36777
456210 606268
409497 826744
398291 598312
673337 248389
838250 797696
255085 518841
530939 441700
852652 98767
442699 139858
245205 19803
114551 201539
15539 641094
799034 13529
497656 191418
642203 787338
664693 402145
841513 942623
374799 330521
298295 590189
446913 767741
900945 819578
753940 943773
113445 614387
615010 178376
757721 757061
834576 104707
603304 609474
254605 826892
359821 259627
687412 140394
940555 62486
139669 307604
785465 824318
789224 340622
643454 361337
272499 645872
533611 187158
695004 433767
940656 374169
113135 432717
595787 85318
527451 531947
588584 421836
201611 468627
130197 219213
73073 348246
850643 167225
133325 764571
825814 979702
118653 711150
703807 613292
187301 989777
415521 614007
325850 985644
715811 269526
653150 690164
156119 410336
137577 337761
46505 833877
786962 5446
228640 185949
567714 365316
480625 596343
194089 548871
197614 621791
541901 6710
418738 606859
179948 756048
721849 516452
898038 240683
90557 539798
257885 230543
72463 773640
922823 831032
18880 680686
367761 721821
29136 417571
754627 987599
881567 846665
405026 265897
874618 595844
636157 517255
111677 863586
51085 513449
437765 38852
132466 371526
862674 692781
279721 947136
327587 406406
266709 738006
696534 802031
471402 992779
382586 19425
212697 351493
260380 293583
226342 266953
94424 851737
54171 815399
235568 157220
330022 915086
367441 852925
884099 169306
94380 31813
237357 934368
209502 678363
519854 142472
951895 212367
579008 788331
414294 840478
839634 184469
60281 218737
56892 43942
418724 866701
233429 502291
400346 640188
504614 523357
469159 20417
885065 693924
739360 483252
31507 410197
143127 969192
20852 779946
94280 910205
919699 621902
582260 453449
400335 471068
880160 779710
179536 489370
545937 212163
766452 816806
407215 485962
899913 894883
884988 696933
172096 526192
318420 374773
144699 988325
353513 571603
491462 698024
752270 559527
107089 909892
337107 176577
480468 307694
839532 300743
737516 558003
925815 470229
83323 982129
924481 195951
663392 603743
482301 653976
312964 332980
369810 515528
73021 555584
215149 383424
454236 849622
393946 461007
753941 275522
656036 483139
152455 84453
572336 514651
637783 496453
403244 118437
517709 98969
394440 224795
255901 564830
451971 391005
572212 334653
821111 884572
92705 424966
976019 552293
110563 386890
152063 952001
262849 853160
39285 737993
853279 463381
833963 486580
689541 862767
158718 350214
57318 74825
738590 836268
592070 586522
956588 732289
244807 802708
196575 257402
34251 69947
79210 588817
587535 716145
54890 950682
862148 666519
700069 470694
749330 385234
765536 612806
2130 905007
794129 904928
965772 830146
959783 418352
19550 233736
933624 1183
826803 804067
468836 423699
370135 434408
834764 47789
232867 193631
433087 936913
475424 159352
306913 375481
501864 457510
884109 771295
944120 831773
975873 834642
931198 728354
802611 806033
471155 631178
232598 728097
983064 408849
344851 774597
327291 717774
205056 595630
3181 380129
701953 938575
311006 518265
868249 663981
422550 749380
315816 660150
223792 712167
717602 68399
697502 170815
447256 982967
330551 93647
540213 108543
42067 453224
83866 722820
740550 947863
177228 376672
596494 429716
179510 556860
993245 518832
633458 789878
832595 25085
512014 844678
385782 112767
669599 659765
278264 262323
353354 86968
208329 688687
811823 578431
358881 479296
18566 819756
899233 725675
987151 944959
909792 453558
761249 427449
14310 488295
682711 19602
907829 527392
726261 621844
851243 432959
88481 801181
790976 862223
484819 817993
834120 601277
530210 225629
953387 626599
974201 672680
85026 858252
526615 686828
557519 314141
360063 24660
3607 363021
820677 143688
470255 266492
807540 423120
22079 952926
7462 744044
460691 961620
710631 644851
755862 215792
659047 978248
603307 814281
955797 569669
683680 507528
636044 159477
383181 229074
146537 838413
927576 618478
88211 554437
428 446338
271844 888157
835484 756938
950736 366803
160391 189004
408844 191222
111532 791711
443625 74684
379543 317005
877054 734681
197789 461720
556710 78973
872604 954548
230769 940462
424930 56268
74146 474147
74220 86926
593737 886288
409176 325862
731654 590789
197194 179700
135095 357235
740779 659103
472619 934339
922501 206681
557180 743482
130002 295675
211974 29228
372328 135858
219215 223850
772569 287253
897906 885316
88812 449231
904181 126957
328010 859553
415606 894542
354014 305560
789835 439285
421245 200971
922225 541115
18812 120607
782610 648232
381885 805291
762054 758133
983343 240352
732189 877924
112702 465423
272627 128550
551231 117341
329602 966676
91804 277643
422447 691120
227772 898914
449120 701948
357067 461876
498437 200986
694355 198856
519909 500483
862498 228741
893974 438553
868876 750268
715312 16019
582943 75659
484401 743287
879401 275371
728784 224365
607908 233585
922759 372032
298362 582283
596115 571715
384551 107891
