50
861 363 791
597 639 1291
341 774 915
642 87 712
516 342 1074
365 823 781
399 719 219
403 38 657
60 540 494
454 272 511
273 172 188
486 142 1140
295 550 715
517 625 1134
816 542 913
61 779 1164
453 709 1083
515 330 810
481 768 636
55 807 152
910 506 160
902 40 855
450 114 1070
124 883 124
918 295 946
950 772 586
658 667 579
828 159 313
877 736 709
713 861 9
886 410 74
634 944 744
796 567 35
860 967 859
1 238 1070
171 238 75
882 362 456
314 879 520
667 125 263
242 399 869
103 46 956
20 637 1052
173 493 1122
218 285 631
704 94 957
983 676 642
150 164 1093
933 200 332
683 806 642
431 111 1081
382 63
607 386
795 259
992 680
112 776
286 991
775 323
351 862
412 698
693 429
292 465
97 492
450 397
94 783
572 556
985 576
268 194
586 427
342 19
177 216
638 555
191 137
538 224
206 683
939 872
106 622
460 381
266 353
973 935
699 401
532 676
633 638
413 459
367 389
971 289
485 786
723 743
484 319
405 403
683 713
140 492
808 10
408 945
659 617
484 73
183 325
699 573
484 120
338 742
888 384
