500
359251 233211 1026203
102669 605810 467929
12728 896908 656815
281922 503307 839191
358704 933431 781017
792608 726575 146672
211545 67725 458736
920196 119917 402523
439310 883382 110145
581764 807390 535381
336407 539665 96906
478903 379881 834430
665176 612866 156934
378302 282106 1123614
847311 187835 250099
554375 422665 365975
40508 531429 246562
494509 456130 335703
790274 169202 724007
605786 475465 272709
401125 753058 360155
224074 828297 320448
786468 851235 928155
196640 707712 380634
855418 742097 101677
94390 307006 215128
809728 779547 109824
377524 916776 718949
184861 659800 343945
757447 750642 779777
562021 884283 444664
425409 387568 738056
807026 30448 747495
297429 771906 237417
655650 994201 1113601
62596 234222 533483
887349 731193 311094
392699 851551 970584
542443 46316 98276
258712 615988 1184268
815272 108097 12844
696410 630198 712137
179309 379546 139112
190339 560899 619680
19400 232897 165195
563595 725210 987653
601727 737441 1186843
464747 393188 1007602
986584 919124 691429
790195 63317 671253
779653 603703 883169
424734 437277 268416
726565 465662 621864
866474 43472 1146486
401708 831597 1299958
621087 574797 1220735
505571 335766 214591
279967 481687 489114
363146 600482 444196
69194 188331 1285813
733671 224411 150015
197692 704112 286896
439807 796632 951283
518496 797942 1081021
233540 316508 1008079
157963 241155 951860
476648 196698 63170
752208 562699 722055
95676 584284 1274349
741486 483291 124122
256841 468458 1077369
198393 901283 861118
202773 836670 499668
363942 145896 220780
568759 580650 806413
843953 702546 264086
237711 987631 1162578
27516 244633 905097
818181 612687 43412
820305 664306 848163
295107 181843 622942
128939 92655 368073
273373 745094 300126
576060 202114 188331
91726 972864 1111663
101073 992480 704852
751640 335909 838695
66806 73612 171064
938931 559579 994836
872572 371250 250312
910762 308724 1043443
988879 499929 312921
168782 648337 225664
458247 441108 450773
378390 554155 335866
24857 598582 805622
123524 133219 1170
3452 454868 650991
213544 775743 834638
833838 744743 979724
190509 830547 687385
888344 696569 186414
635481 856109 373451
962460 261794 777600
399030 824350 819379
13312 244873 62968
95662 338239 680532
662960 358718 327880
478242 373471 862214
447523 967498 394536
861804 745995 927778
6320 651610 34765
893642 920812 128617
617642 527520 533176
691908 761512 1042435
614303 853827 619572
815491 994834 371212
731703 189660 618212
92919 654660 1049699
904684 812914 1124213
612619 172051 16161
927043 100295 684401
582450 434832 482586
724085 129081 1072619
865320 919248 777214
492229 231608 1098604
45470 117818 654440
601255 805643 405062
874730 758753 184848
205119 810083 937841
97617 631300 563864
37664 99207 1293880
492227 514861 910515
784567 964610 545030
695476 440245 1089299
530097 386974 479345
39229 236879 21917
563468 643833 279925
551785 686616 817332
174126 59140 1070139
812155 934481 91218
942888 120754 413741
969993 817781 199282
312225 754963 751747
158817 63434 846667
20903 817996 1127157
826639 683260 530245
928779 8656 762146
602 367217 170704
264255 645774 744521
647236 542333 403895
683414 948708 473428
277221 126834 351559
500623 964950 1058883
522175 316733 1209308
347701 988223 745455
599585 732213 854742
174103 233291 685312
955993 32191 1165482
211752 302376 319337
827288 925206 589503
43715 881284 310489
600289 561718 69697
115645 684714 865139
961154 365680 1035440
945862 736847 1013667
93175 332934 1254003
400093 848924 747502
171895 961822 1284771
41160 749450 456750
264666 565106 489402
382735 485885 671030
623761 407402 889018
646210 689312 392511
26159 816192 1209729
252874 591625 597989
358595 455097 1191614
697173 508001 471912
187571 634204 46015
348649 919383 631765
728118 892360 30329
364788 168001 70826
229574 222491 147204
451284 670725 101273
871784 579040 644350
540562 119054 573361
308207 993597 1290983
782837 284419 750033
145902 853978 903920
858406 475804 588863
292472 585593 850809
360783 242623 208521
943126 671811 1094966
981030 369703 1040850
95560 23192 895633
22380 417685 792702
64145 482184 1118350
680455 870309 182770
4356 353432 1085486
12152 135232 691018
393538 113160 869553
461313 620338 166090
760251 570601 260982
318724 247406 99401
700317 807289 420156
661640 519716 601822
320277 73451 730199
187060 45375 1269042
893341 574732 889
53792 711270 590360
659743 672883 744780
331398 38880 34813
715254 363356 1126541
859458 944688 1059866
947853 278885 1286142
604379 825459 491268
770085 77144 1051057
720829 897126 337224
519919 37311 1232613
903391 885438 378852
649536 44050 959498
602407 106496 1147584
623063 910317 272347
79973 301782 606209
936146 117784 1001084
777671 798630 1058304
782436 127984 442353
928738 696475 982247
968942 570626 217491
948077 627830 848796
142749 699696 1165303
284664 206976 644993
965337 680512 972187
128336 843263 1081640
290578 598267 714614
819021 81055 1134832
184442 898719 523694
869064 953536 599859
312812 181453 391697
988235 466349 693905
165641 456610 1213225
882689 83853 1149899
884071 309921 862570
613422 446890 648879
603958 879288 155580
682740 771901 435246
759635 478119 272185
866135 856204 538321
526278 339422 179220
850021 279961 827965
529200 840068 28361
192847 710439 1236394
97529 443809 1245725
20194 266396 1039339
162808 776037 585497
947474 517655 662248
294379 700522 660412
194209 143357 756734
293945 676181 445946
125226 418231 947125
378015 130550 533875
676238 648955 320782
259727 552189 879911
261456 170261 622641
706655 263297 722870
686514 282663 802923
52414 202677 992167
315104 892807 916567
291001 64662 246121
976369 74946 167894
729142 718712 401699
449944 650997 7787
387328 52278 835973
195844 181682 720470
809562 483411 13573
537726 376966 1175291
977538 7068 175262
619882 8876 1110870
487487 778154 159702
328396 78365 1157326
335370 25484 1068378
312244 558460 418615
728480 837918 885461
604766 644405 437005
233861 921457 907837
623972 892573 1051840
898286 632219 330357
243231 546099 945726
303229 155276 1004164
3654 6098 369351
781844 765888 940277
630089 710632 344874
918039 511248 1176750
523336 588001 372148
356976 743841 1208216
959518 322433 1079503
868528 808450 918565
327891 890266 1091665
135671 358824 788692
349740 204370 771158
531546 409432 663020
235343 133717 638311
386418 225124 1104370
232225 40761 546744
562507 537811 786764
932114 675101 1013513
950762 162643 655729
457104 487481 584599
474151 242292 235259
450576 737760 28211
68575 47510 842603
13860 284089 200091
513339 506899 1252861
107915 310490 22304
336746 745297 617150
644900 674418 925625
343360 450858 1169726
20867 248165 1047882
873492 616580 1287684
423424 893728 908214
1261 208708 119198
602498 736080 938497
718659 873751 507704
381317 555076 7841
57371 233374 656457
939271 738953 176351
512987 674551 718129
225336 410327 1112990
282640 810768 872038
399798 481141 1027508
809894 642132 759897
344692 376756 880688
185949 636728 64806
37303 377517 468479
443665 217764 389307
156343 852621 756770
846483 183832 737991
195188 399295 759922
12721 856205 46554
553477 74272 976073
399732 510005 1003868
255029 816310 981303
922187 733732 223673
269860 739884 825470
699297 2452 626525
373124 314222 768176
489818 567064 1013373
517870 869628 1160602
687604 57862 502492
416701 526439 619061
451761 231221 1047162
52533 268161 1043560
163186 854715 606034
726245 420147 234131
633532 148313 735040
293111 49533 644707
762597 936282 962766
180878 300959 630713
848136 975597 1168359
530647 411320 319547
467314 813450 610308
61080 467707 1058079
777927 612862 544804
395733 210969 410880
11194 476394 23439
137800 199362 1246075
966372 881815 1277133
566640 511123 338799
659811 737305 1210036
914530 573861 1209
329062 872590 272913
428992 310612 696275
814953 617097 1269863
380020 859709 374202
344073 618853 1035319
540867 897913 331179
647210 815908 23686
8451 218903 1171443
132788 992233 460538
970140 979236 610770
303138 357271 960288
393524 895336 466116
71157 346918 794073
503606 212666 1039326
129247 316940 479747
720704 447963 789112
806658 654540 1185552
428038 753962 341595
447834 572558 743115
533061 113498 1035394
330407 393530 884968
418008 34082 297821
293106 53558 14386
102815 25589 1285462
415055 104147 944125
988247 593128 20113
353054 445073 767345
331696 462704 545768
286969 681305 418038
599123 681341 893934
860929 899638 800049
408753 3014 1111121
493903 490098 589103
87458 97912 687882
567468 547992 670783
783717 429018 614093
666172 707031 61569
563956 322068 934452
120565 609673 1030389
972384 799766 522469
429020 551358 938581
168369 387032 534460
554860 529700 862678
503296 39995 823976
865245 630896 481716
707729 938388 611240
304578 712263 1270059
432396 802983 510861
616112 148261 1206979
712192 167345 330854
174498 693302 1239604
186048 657024 317109
196435 45739 1118141
759814 466615 902945
108430 300505 323661
897408 107728 1262046
575385 161458 1188284
761535 70427 243395
564397 599922 1201799
195107 501566 1019411
509977 72549 1223044
846294 148518 977687
235385 893657 286272
412248 753066 506366
403360 71431 566871
733778 944997 261954
385889 659102 503483
298834 31963 1257802
693318 344879 631855
451513 318018 693794
167972 919384 461713
639562 91926 767665
22866 316683 1001930
556683 809876 1220511
349624 227926 695294
57865 398655 748809
513695 234616 266180
781270 90835 1126722
735203 916829 245667
79678 488342 766352
871644 635228 1112546
626736 784653 156836
803700 615385 331581
707570 496047 1183304
335300 794532 217098
866022 368786 731420
616150 38162 481967
936211 435638 1201461
203934 275472 1236504
464159 332208 269032
77600 523584 127385
69125 892837 385211
768766 805238 336258
528912 186832 43897
676405 632340 665130
250595 275771 506920
850108 168514 303907
748974 316306 211108
211816 264932 751633
976425 963522 1212561
786257 857271 1132999
879171 229887 280299
488387 389344 396189
416924 897482 395460
392392 127666 661150
694161 945168 1167571
623605 477242 141755
29478 683674 574421
264630 241331 490964
746002 849529 711480
977638 146383 414884
245890 146538 577018
509292 651261 47185
348258 795488 405131
127380 274017 1240093
302065 708598 498944
293796 893756 172285
306596 463579 131639
168324 165728 961276
940603 939486 230268
150506 506959 841907
883123 640329 306654
485386 777972 1206563
579385 628599 286825
958231 775354 126762
633509 514038 520768
406817 237550 1103608
216769 659139 150925
614599 355126 1037841
63115 688335 367567
546718 398087
693459 527577
843761 256569
823615 217143
630203 704030
853213 610867
10399 311323
957568 469182
337479 200783
133330 604332
613425 12361
837472 538104
127653 688647
839109 195903
291911 962014
11032 789248
323561 665977
498878 979319
336330 27854
893012 188874
587735 982378
493276 561139
281170 123478
575421 511359
902741 909787
440951 661459
470765 590084
737122 972584
542279 759691
914845 38175
677783 807229
666509 592521
297436 648903
879642 112499
133418 137723
779469 403940
945576 942979
521866 954915
859874 636033
592641 892407
250858 645143
872570 465896
971439 133254
996511 537027
842456 707055
92244 38133
735538 708677
263726 324256
365456 705879
763611 71874
783891 616506
836297 103230
925019 926884
274568 477640
721496 17573
475876 803940
903372 343597
682744 278328
787244 427249
742518 851864
435035 103162
206813 395777
374510 774400
399339 337085
902696 126655
701172 141745
538152 644714
206587 734743
965296 198953
424326 13970
166234 919643
178288 424158
962177 530694
801842 583660
98164 716539
272861 783614
62889 322455
684580 396005
546517 165470
714976 839099
913912 691167
668116 119354
482054 642136
733676 288422
522299 406804
18697 387966
258367 732064
387363 219196
560986 706870
514339 803860
111151 295713
971216 420353
612669 271626
547385 607796
794025 680372
497058 35340
989981 208537
621584 899120
480237 107374
938757 320747
860544 919483
625496 276088
180434 675138
164636 972357
46374 972951
697277 220088
130838 552288
553914 116562
137907 44309
454769 614176
306716 433000
338177 685891
265093 933935
219558 223269
746772 234366
123413 264035
161647 293369
628216 170880
469152 834643
375084 270063
755403 222871
897613 90925
829516 685132
70694 52753
54853 472479
296483 504073
803295 402765
578259 442984
552413 843454
164197 935997
354275 727462
530729 606449
212140 282969
852397 262637
111915 461747
790447 645867
57814 128743
198501 437371
783090 610663
110192 959194
319493 205429
289967 955191
571638 728388
290627 353045
20289 477098
690207 245806
324436 177190
406809 697099
893981 225033
953023 391135
797722 549771
586745 766764
134750 52285
410108 163468
296818 525502
529803 752886
656793 194705
949229 341479
247873 11983
666663 502022
677869 869543
622441 393846
696534 146967
881769 197409
845895 267739
752617 281648
852555 858082
178481 485058
709333 411048
634110 381142
908348 589521
749059 143906
343527 317181
901977 679363
7966 565477
453869 253584
298402 968385
812427 51913
40347 613469
102601 974140
858747 693477
825149 756953
589463 341227
267554 153131
858912 734433
306941 635223
682788 749578
451688 137944
2619 573909
474109 873780
903634 960818
849407 865146
797832 171739
771784 383014
965350 298503
963318 693505
186541 576968
823420 846053
126260 965971
576372 823600
232722 83514
106902 514849
860354 708014
842582 916703
642710 744726
589869 912452
344083 776539
752565 745061
794124 494534
551229 725317
330547 286471
353958 247283
418581 286077
937264 789118
247677 413026
735335 43246
455385 855057
553824 585258
625872 102547
803784 424829
199133 12522
582226 418599
17440 723547
604486 489826
621860 481750
547572 203772
668170 525243
632017 614843
180205 24330
169208 105454
639402 405737
416597 805266
223061 527748
635901 344602
320085 264783
927053 504325
819954 154659
335366 890405
549905 743940
245124 513341
167028 588228
744449 916038
862692 598539
883261 837789
767115 855639
777409 310696
909164 938977
385498 4643
306990 380234
812471 866655
214122 560323
984603 680489
979296 62817
460339 281920
881875 208619
508567 656166
651713 90412
391662 888838
328028 999330
240284 539976
183968 323585
218229 550984
698173 635720
491838 458446
309466 53836
799645 455294
116145 157481
568482 493592
401864 171816
199907 121371
198785 451857
860971 193166
718767 841260
827750 511770
675872 380714
241004 821101
884339 224473
914031 144635
129315 285937
562235 51873
664833 828007
671906 464767
738304 89325
316834 428703
443655 201913
423269 606076
871958 502923
242868 488794
938122 955519
118962 498868
819625 114554
206916 56779
686892 991600
522650 976789
216710 852381
681491 431086
285067 510055
634388 857105
740116 532409
4808 602473
619081 273340
884074 954439
985053 686742
435127 29030
239870 416760
875483 865625
461195 903428
606225 365670
918411 580167
520159 50180
512422 735133
265852 875453
478389 219990
638651 918935
450756 775790
765190 212914
358465 278408
289898 583286
587256 929434
958489 863545
395644 924085
57477 650938
330802 505750
441372 456477
737593 933838
44804 187084
329914 80465
197227 45195
167387 720334
379944 566646
585660 927622
412435 758448
936350 96048
42623 940477
357129 899488
776509 230339
726296 309145
267360 26968
434932 912048
634886 790890
225935 859242
640046 898565
59736 262934
942936 73872
248567 581235
604349 947932
311906 38168
140817 865047
737814 356259
357561 361599
822779 949360
740153 407971
595236 51530
733002 280730
633781 575582
992496 773523
460950 781473
119425 75609
705777 108461
112734 486037
103823 155913
225956 940362
829464 674715
508313 332690
223704 147211
24953 402146
508654 589117
125113 960426
908340 307967
528183 237660
808233 788379
897439 893072
835316 350533
154152 273939
680676 930138
922876 19071
116453 793960
793348 321729
265788 210351
225833 824359
455309 766127
398577 709792
62448 760423
277204 155464
984320 750440
766722 410795
552328 948023
499262 718511
686929 786121
589476 519093
677557 302554
198547 712697
102746 588791
317642 240446
922243 979935
544945 826497
736674 948885
198150 627585
751151 425991
694176 426551
489588 60733
9342 777743
800226 100667
298246 191574
329672 264328
772455 610267
326267 942742
264131 352864
177864 99634
45724 708162
943477 625489
48714 693168
45353 178095
186616 864350
790892 881763
368744 626553
745176 333226
218705 672524
312385 929702
545803 124662
11236 729652
419790 739330
471002 470612
617609 627695
75128 571762
763272 296749
979701 905831
844352 659405
943266 420788
569036 112549
200087 728885
366378 319446
103739 999788
877995 174374
896776 206772
429377 567216
632452 167693
202252 906353
110759 285129
89077 261899
257619 462882
220097 981216
723349 615636
746369 980370
573829 291887
773970 680284
652726 462797
184164 402842
41596 122828
779411 904489
351210 861354
849500 929593
471779 592668
508741 715412
647402 465983
301052 289725
519198 97159
180283 362420
430221 393898
754409 236666
537514 7112
133245 223959
488164 49381
239166 834713
898089 610322
134509 637512
714060 392258
774242 185834
201387 62382
813534 931642
475758 489970
373042 383108
345070 806689
978807 346679
506266 305500
702629 477940
106835 224859
886970 975086
665460 918197
832370 509227
971084 246277
409474 223389
833101 844810
767448 911907
756900 452143
34964 373101
349137 619570
593282 264388
203532 149163
138587 779522
14478 236978
932806 646731
476238 888140
148316 595322
448706 913115
140890 800521
486923 666962
339121 674329
138076 230093
422632 38638
