200
77237 58421 2236
82641 44283 107514
25718 98202 105418
17361 51280 7118
10228 20000 23345
78148 43875 13785
52411 1231 85732
98875 17716 70098
32289 69339 124161
20675 15266 113040
25228 42448 91275
4877 98162 57138
15683 22007 66046
84472 57928 11178
81009 30305 75237
46190 22333 109809
50278 51355 23761
91173 32554 60361
63801 21655 121405
47984 76991 127753
2940 32000 36429
91908 26732 37957
33009 75707 24310
3677 17945 125540
69424 80819 83122
40133 87473 57074
89958 77747 8137
27973 17672 65585
6558 28958 49922
96794 40067 41725
10714 28733 129362
24007 58990 112537
14104 93199 59863
80873 50890 83608
2802 26223 31847
18232 44198 3037
78359 46232 12359
8784 219 27547
3080 38813 108948
63803 84619 120938
83639 99649 26482
2680 9186 62168
43755 29557 62099
6253 46854 43194
43121 55422 97914
44486 85777 6965
72523 43785 120138
62946 37294 7694
92915 18627 106969
67124 16475 101246
83656 73618 73501
18551 11329 67230
85226 24001 17677
29868 3001 98083
55319 23513 113034
38750 65471 60017
71510 92439 120222
24248 64269 118235
18071 50050 25467
40553 65742 80124
75155 94513 120837
5637 27692 92827
78927 48135 126965
51073 46192 76593
61418 50633 4159
59735 44153 91982
917 67662 74183
45195 12412 81074
11743 71032 235
93890 66274 120143
18285 66306 5760
3136 39811 101145
30725 698 83527
25120 1882 81676
85343 64585 12153
73007 54273 60879
80372 94893 70642
59244 94389 85745
2808 54069 99881
7517 74742 94467
34731 74359 48691
44117 21709 31932
48309 67516 109998
87436 89881 85814
5925 61397 87847
86269 28840 90591
19272 76033 109610
38454 71607 51138
27108 45691 117101
11583 22038 117427
35285 29240 39596
52839 4578 44019
45925 99909 77841
5172 59851 1336
55296 56226 38706
85183 26198 121128
3782 94727 22121
16290 41138 90147
50079 94206 38819
51370 83227 20105
77935 8786 17545
27379 36580 129641
91283 24048 27701
76619 76794 35735
80918 39712 85373
96574 67179 1640
89288 1072 118447
75853 37399 9061
89408 31333 109293
62878 70068 19853
92070 23607 61776
98172 15386 41681
58125 60848 63231
69960 71006 119545
77358 59492 95453
44882 61847 119821
67762 12978 99818
34079 83232 38257
88174 1263 88113
36479 96665 27506
87229 5714 94721
98377 94810 43049
27281 28399 65648
5028 7954 51646
73051 19051 105597
69683 62302 40583
94137 96560 107132
48115 77858 5366
68661 70825 83624
42159 78620 115354
76013 66427 70823
28427 41262 71552
58641 19234 39136
1948 30241 87013
7946 19282 27070
66148 28121 129006
30009 45139 113018
39310 20404 52112
91612 53908 97733
90435 78501 119653
75954 54214 98536
3448 91934 115858
62811 72964 5397
65004 59580 123618
44806 3325 65377
74164 96676 112926
80780 25621 47725
12001 45242 124321
81827 24368 109679
66748 14915 5494
83793 74256 83520
60862 66225 16388
80468 17317 52426
7438 66593 68698
1283 31764 11788
50801 63179 75029
37049 54538 82324
59973 29241 29248
74811 52073 41281
27130 14769 43626
73072 33851 1092
23433 40258 31217
49660 50844 17059
75901 28833 116255
91963 15724 33387
89273 99894 106629
62269 32471 9040
94030 29252 32660
58305 87252 16726
93946 91431 30699
61274 28000 7382
70111 87131 17061
10297 3421 116935
11564 74003 64134
47868 66528 103026
74025 79442 92555
62148 22073 65007
78223 31192 52759
80518 39813 88630
73185 85629 86975
22064 61430 60628
38404 693 81909
8715 18760 97986
69385 2070 120891
60959 25606 56045
55108 51333 12840
90299 93872 55440
47956 73323 103824
97585 96165 41970
39613 70438 110483
25423 9565 16162
25025 93749 91595
85491 14133 47870
4650 90322 99748
87380 12625 105298
83220 85137 44520
54953 83835 84543
53577 95930 39041
76999 69894 121647
78395 27190 122331
99540 90145
35252 56821
13774 39873
62217 70914
99899 50033
95281 5742
7607 81116
95254 6189
17419 67230
56521 8585
10011 26760
86023 44244
49127 52049
41509 85178
76523 25024
78017 21515
54154 6905
39310 77489
47603 21175
36560 5224
89145 53899
79359 40211
20992 65356
82204 26688
12928 903
85642 88356
34045 19891
86865 6412
81446 69541
50119 12723
59937 81838
81807 91381
3632 56767
78195 42536
48411 91004
43765 21681
99125 74090
8188 57735
36740 22612
68309 94712
69618 47783
56975 49170
56685 87514
7321 55811
217 48363
43186 746
89161 60509
51020 80933
33043 86926
20587 4247
33540 10299
64101 65074
23421 78931
81197 55806
65117 28174
41386 20148
15182 2271
90353 98210
63914 53247
67559 13564
21938 17707
4529 86917
32930 31741
73310 88416
61722 54753
91228 91874
37384 83204
70894 88689
43374 53225
89795 57849
88669 32840
35890 61382
46592 278
41595 2274
6217 789
31394 41659
2913 60065
35285 17946
40005 76519
1477 86922
66412 87723
96818 18534
41196 22789
19883 25977
77379 57043
28657 53623
30214 83761
32298 27825
47517 60298
96074 4829
69348 51616
96763 21233
76414 72505
83801 96638
69363 85912
89711 17878
95415 82089
71692 95833
53423 5298
27885 49035
11143 58568
91413 9816
7200 70567
50882 56947
66362 87251
91355 31787
85996 53238
25592 80683
23072 36283
43653 32341
30795 86717
33867 17773
72102 99431
81772 72209
74969 75363
4290 87091
17310 99690
61686 10670
28828 64758
43711 34531
18150 91817
51721 90645
48843 52353
46131 5078
62134 35106
39781 71931
70778 3403
78845 63613
53492 45561
29683 73007
835 13731
89654 72269
75753 88759
79596 34201
40159 65991
6858 71896
63329 27692
51017 41623
51609 38630
42428 65596
16328 49500
47249 7235
67605 15168
46363 77269
97184 58729
9399 44534
3708 20092
87032 72758
41683 20988
60522 84887
76353 16504
37324 421
88011 46584
99036 20502
34725 69212
53715 4280
27271 13519
31618 22849
83491 80871
38589 76232
29807 47609
87657 60348
67878 63477
78088 58461
87695 12347
89496 50380
15828 43431
9013 42966
46926 29075
39997 48249
68105 89157
19330 20949
37559 46793
98152 7463
26412 46997
85589 42214
25033 94880
12551 87374
84146 87997
63914 91600
14852 24892
64232 55791
29882 26617
9713 7224
26508 21046
99428 89843
70073 68770
36647 86650
41489 97742
50832 3807
52747 3793
83518 52656
18616 33261
24490 1270
68102 76012
6474 96568
76647 10145
42892 1250
78672 50247
38580 39519
