200
79441 36156 53760
86387 37874 78065
79981 88500 2638
14951 60395 63109
7152 28462 120106
29103 2350 74932
63356 88041 51436
34129 21518 335
38508 32248 121829
88187 38748 49629
83363 23334 110937
35691 57761 127923
30497 35166 96943
54725 75563 124697
19578 93401 61786
85090 90938 82138
54230 57315 78128
99558 98231 11228
83779 47721 101171
41561 46375 84832
38461 34145 78278
52153 33916 68714
82385 9295 118824
21300 83602 116906
37120 48811 124427
20701 89128 109140
23400 52484 98760
15579 19607 118909
47331 48270 43253
59859 27849 21331
39854 49159 61700
79953 88100 66423
63334 80102 118921
75349 81482 122318
99266 2735 29148
21057 41204 64214
35082 70996 118118
69735 1178 107908
57338 65584 98975
55851 78061 102316
69130 60753 126909
92384 31791 101340
11797 79941 113703
26560 96067 56389
45550 95045 18766
9438 82644 20367
57270 73491 13284
14537 21592 22884
70148 42359 46553
89082 3318 71303
25055 81028 108159
5923 68548 72093
13914 6773 60881
21253 34741 17117
80532 51747 113918
77334 85585 40489
18767 38607 35391
39020 41884 82232
24792 89414 31279
36478 17964 43406
51485 82753 75625
98858 3543 33855
53407 94312 67428
88837 95163 92131
89096 57660 13895
8276 25785 49663
16259 53352 78541
72966 68396 112904
94739 9630 59218
19926 94076 8316
84353 86993 93150
59206 27683 108148
85942 81861 122705
25270 48363 29091
22185 15265 52490
64540 13805 3517
12921 32261 17261
71175 15457 87015
97691 99973 122891
74702 70643 61939
7889 67357 88629
38839 57434 38342
86370 66815 77803
87223 85621 69064
87262 33280 37481
28528 71227 101052
92051 47497 127014
77992 42106 62656
9678 94063 11694
27108 99914 76428
72846 54684 44345
65265 88317 95623
56532 11334 64731
24386 88738 118115
85853 39048 89969
49846 72575 84841
30452 72165 47770
36332 73187 27285
73653 20677 5125
4682 68531 21922
5162 60972 108290
36069 49860 125652
64376 95168 12829
7448 13012 58468
88993 90493 66880
17016 88151 107043
52394 84424 16858
96201 49176 68757
23462 60482 94726
9353 19008 12889
86055 82319 89814
41273 71202 36474
63692 40663 92593
32247 68977 80274
6896 60736 116376
90021 34067 114205
44524 73889 121581
68091 217 57395
20911 69518 49634
47447 79383 101302
25297 12074 15304
88236 73528 33236
53486 99972 118824
29648 77979 75841
43404 95127 94520
35650 63935 59666
5677 86866 129813
39198 77109 76179
20898 54775 38507
12563 88397 14905
93835 59328 66869
75376 37641 48346
70123 71754 98742
68518 61329 107398
43188 87869 12950
45835 99596 642
88774 45483 5442
44801 64678 75384
59912 59287 44576
87371 46725 67250
22210 39068 21045
13796 95017 111789
90476 73933 78908
34116 22062 45567
81065 6940 118581
62831 97281 77887
34037 80009 32804
21361 20261 46093
62034 10610 86563
63040 98098 86529
96531 92789 97057
52738 75473 2259
56507 47514 23067
38128 95572 3649
29526 30380 102061
55413 24034 43715
50380 99023 119548
73990 181 68457
23887 25089 69416
59841 2084 75893
64051 30227 73643
26721 8834 43921
13207 12917 105783
28513 70527 53708
92904 38844 15337
61004 93639 31338
11168 64381 114764
84760 96821 58219
35756 77232 17788
18359 21854 36312
93257 36184 65340
30805 58964 99340
6759 57245 22711
28837 28468 37137
25815 43106 13240
71462 27242 65826
4368 95149 124368
29986 11952 117698
59443 53636 78910
43569 16122 43278
44946 59069 76899
50948 20570 2087
36550 72904 56824
89517 60329 102567
70588 1091 83317
79494 17045 106971
63684 87487 26968
22087 92785 3889
50423 22922 32053
10180 89345 39369
28528 87876 106574
40214 37630 3462
25643 17113 40279
95589 29852 5170
74045 50884 123666
79426 54624 94957
88307 64865 61644
73555 1837 103403
6669 74840 121742
56118 93405 111182
58181 85375
65792 42501
44785 67897
60164 62055
34005 90360
87696 10295
31477 92341
57014 94155
66807 73506
86298 93581
9871 24322
69368 69466
2187 62108
95329 22545
23477 87991
71030 54698
52553 72794
4697 96645
59793 7522
15629 46702
96 56701
66795 41818
22601 87757
36103 23340
22099 80283
4201 77243
27978 27109
93143 24736
32421 55034
36743 72987
48762 28234
43660 23293
36791 82427
14786 60568
51202 71422
20403 9606
20772 48809
13342 10951
42000 457
66898 21808
60072 99327
72416 56344
64318 93761
63824 78930
50982 28337
83248 22774
32572 91267
1005 20490
48433 59105
3911 75089
9369 62382
51710 13052
99149 34592
83195 94149
41405 17697
1325 23303
81295 80200
18928 8247
76569 32834
94558 65800
1794 26555
34835 22842
28576 47354
7327 55514
6823 17734
58580 7643
23163 92217
9140 18796
58439 2881
99003 45342
87009 76886
72772 34181
36605 76603
44753 57999
46396 67807
49202 52027
57714 13922
94113 75327
56619 67211
23824 64755
2686 26646
39847 95290
21590 8974
95038 94478
18643 89331
98414 34329
24904 48658
86267 94094
25317 36869
32904 57512
76966 50318
72526 19456
61803 17034
33162 12344
1014 54253
19958 22128
32824 99226
39837 27398
88537 40147
48440 42403
1191 93937
88932 45237
15336 62088
32543 88912
34255 93577
7532 11621
69283 60115
82179 79451
45773 4911
10350 49071
82864 71795
27336 15051
42389 3768
78775 98101
93749 11550
46927 97255
56519 67879
6483 16992
85826 18331
33776 52311
14870 36046
6797 54583
93576 33669
1776 45679
55550 2757
6899 91655
46687 18767
19347 2778
86670 23107
12241 74102
13488 63523
83052 32198
39687 14077
29612 49773
43482 5864
67653 32799
53168 43252
21384 9156
57837 34075
95722 50554
45706 17146
10483 47004
45910 49478
69504 94345
24085 5487
74627 18154
16244 36298
94215 61929
31068 3312
70023 86038
46672 63782
5464 26673
42292 71957
76799 74398
7934 52943
25633 63938
943 23619
86626 64606
68404 67804
79154 86184
74167 41091
84955 35426
21508 63691
26617 98283
14652 77616
60980 47367
94797 84959
20499 19765
51074 57726
34698 91230
60102 84532
96609 35486
80932 31396
64475 95585
63072 15616
39338 13646
39447 75812
78859 29313
99985 48835
85074 7453
60321 15598
52846 19809
23168 39850
67559 44078
80677 31447
94075 63528
56314 30579
43493 84872
8000 51276
85628 26942
76645 20692
69169 7388
46875 87056
69197 75209
49055 56749
31166 40522
8637 7580
63767 28650
11155 19002
7550 78554
