500
199049 328090 1009802
787866 914399 288897
822969 136854 913989
620570 92195 193396
471909 269528 1051654
146401 3112 750319
717961 224596 1295333
104320 270908 1167187
210522 338039 60610
169965 67446 528804
559211 444966 660385
905449 446876 513883
473569 208230 111720
776008 353491 1024466
445190 123149 60864
854607 502168 820935
17339 503980 346223
168821 286296 1207015
752763 767876 1159366
282675 343169 138164
995218 21899 629583
15000 120233 324281
822700 270675 444630
314488 871034 166485
875180 563745 1211399
933819 480470 880283
66670 272767 1251026
872494 323762 77481
846517 922885 1250440
632730 631254 325526
991100 248610 53398
226648 71482 1057
239459 141818 1026966
563607 494470 113729
603317 916918 601293
351747 438481 266034
338834 927822 197309
132930 126747 968494
930754 275064 575926
393311 815033 303074
784393 511853 1212773
548479 99509 499973
270314 363313 348685
546554 116535 1168748
162356 648826 666939
374524 667951 608630
329841 367176 787299
768334 22086 1243586
730884 909382 694545
171691 580148 621835
486561 101350 1039857
428424 402984 1051106
94087 469548 1228135
102930 400461 984265
780493 526805 397918
34420 54212 368314
387908 263953 538579
926856 235734 1153237
915880 108319 424467
814196 566337 471681
36750 827796 734269
770947 15879 2185
975232 109426 465058
238385 794802 134235
454545 849955 1122727
730572 961693 934648
963217 938554 738413
539261 664252 803249
829463 616336 307000
884513 964691 196228
638171 794741 1272599
362460 188062 1015628
356317 941780 359973
855191 838923 92781
785055 634500 1288095
112205 178369 651804
291389 92303 1295825
155017 837775 316334
717634 213627 805464
695799 298202 428634
620714 227153 931734
503535 250805 549689
303916 873660 480648
658012 577232 1096641
946801 181265 1247116
751120 250173 65526
459736 903181 1128619
857632 277458 37399
373726 640949 279328
576467 505500 182134
135604 507404 278533
186786 173209 1063173
136769 284463 377850
628226 964086 90793
347175 436145 701321
347794 91573 1082595
538847 167903 102111
325286 698758 922148
115681 903336 923303
723176 561703 592897
145362 555739 260898
36746 591616 746138
116578 876919 935273
453013 864715 23933
983498 246398 627960
929576 849191 1076012
725125 155640 1227789
373294 618072 1176707
473208 879577 714058
391710 580981 1014467
973188 688851 710881
600708 516178 301388
273097 490190 1018891
994293 946277 791588
820750 694666 756272
14248 319176 1108666
909228 860526 582890
59123 95097 525294
240943 954344 233145
264855 593623 758958
681917 812278 151472
999968 178359 1184534
638590 527565 706911
325533 246509 1231244
883227 571356 1134176
876229 364213 936594
859018 49635 860032
81796 600540 1288111
235201 36336 602980
474818 889035 11559
319047 206027 862487
180668 343473 1285725
807702 654912 949132
636780 753942 262173
937700 399411 526554
993135 112717 1073139
824594 64754 243664
807676 613679 728128
301083 791352 622706
547804 59368 1200887
663423 378725 959957
683294 685469 827826
160195 526414 133084
541981 758855 1140826
122072 427464 994238
700663 509305 21649
288107 714206 556853
590181 834141 186990
867187 459026 32996
49780 872522 959730
473128 728345 277800
737579 952888 530711
963135 621778 858553
961775 732243 1251274
738851 381037 22477
594044 939154 528610
888840 143328 926684
281594 717877 805965
661893 453794 113995
556924 373668 1063804
807711 407897 656024
570482 931657 813106
94043 397120 430137
543979 294518 989300
311155 225284 234461
60416 976407 832630
651815 906156 1218706
315594 624936 273836
383402 286834 158818
32828 878528 603383
756874 603284 48671
261841 318882 50200
765314 598962 1162184
479545 992730 462697
801779 202898 610050
419208 878235 350884
354704 809058 149823
99171 134669 147275
561392 491957 964882
304952 133335 422047
255486 474575 566297
919986 999860 993108
220884 133043 167848
626706 692823 777833
977877 286610 983794
215728 687463 965349
143181 580957 847938
410211 36019 193794
56391 207092 237534
734199 368148 372670
812411 954100 237373
449973 160756 457302
166564 265148 1061944
353956 357590 596316
73340 417259 184911
471579 204797 691809
809872 527122 1278561
903812 696883 428496
932536 26049 196801
707591 373730 1058874
499243 18766 806475
515815 679201 260957
964199 985490 462002
698188 642885 699653
549891 386436 357359
872851 475728 442283
140872 44419 973577
133544 748910 709014
143174 626221 1089678
614270 213006 1210262
602293 940558 310242
934170 860881 24794
93296 266053 746601
49863 759776 269175
769057 15824 162177
692138 548752 203851
197766 763405 181547
283936 856614 1230805
101161 702753 318763
978747 836376 179708
930065 165568 560787
374 254312 465586
877414 794932 782625
760000 261932 221010
388952 218096 122861
998329 935061 1127041
145189 331301 490065
764253 236826 1259617
930207 741168 340350
143035 808469 445830
941417 539088 453706
298219 76067 737570
2320 443712 2530
976998 425901 1278900
774221 273089 609848
21130 444403 153210
330950 339205 949011
670649 113610 885920
602701 5538 156100
848586 8217 738417
512003 759717 1267057
123484 379209 311330
226692 174826 539268
789067 197797 1097764
481736 201268 202057
667794 782809 1133725
794664 336466 525074
261148 722739 288958
547039 161223 371920
136008 618706 494725
933968 499116 1206098
529499 394726 1191399
43772 309276 872184
581541 800727 585582
145040 857138 164312
317600 932725 488865
478718 911892 293264
448177 607108 843557
156585 101504 1089785
875241 227470 952288
552174 672948 93537
127080 706682 507124
962343 624962 168102
849153 543495 204255
601832 579499 744063
641089 668312 865327
927656 158128 781960
807291 900496 827201
959779 382451 961512
143146 268532 1164159
749161 536909 866260
723671 824497 527436
928665 950706 165743
222303 203387 574933
513537 460961 113180
781813 406686 213631
696899 244214 1019357
816590 595265 1199520
292809 23147 781699
322301 92191 363741
919482 742803 264123
387873 801681 684143
328396 602418 427203
701878 555931 232819
254772 452059 347286
268813 191882 928557
679485 379792 83135
10643 376005 380777
665485 223989 766771
609596 291090 1253591
31310 274919 505706
98892 690576 10723
154633 466901 639955
154045 286174 372850
562393 898310 907954
139261 998571 262424
98612 748115 1003986
239004 172616 688570
402324 147039 108672
453681 7992 829042
812181 385108 938058
234639 324216 229703
53558 218262 367320
782501 543391 293933
760773 165834 466619
203487 443086 1299866
959834 987362 260527
223937 840739 22184
296547 882479 527124
776384 684891 80601
227559 306264 615163
385060 943841 538909
771988 285459 1153982
164932 610834 274466
848693 775674 415309
819982 573061 903328
215005 930231 931433
684475 139165 666554
537135 675562 677944
270523 158635 1033083
906794 375053 622595
473513 775726 1073967
902160 51380 1181380
311773 259996 966601
907659 286462 618845
666932 590000 413715
600448 673868 209107
618187 72467 692936
753900 595829 181276
572050 829480 594512
199232 525986 1156639
495019 497717 397844
281164 353766 245298
724614 760306 79339
759338 402663 1073206
477132 972235 938461
373112 118400 329654
595345 78612 530648
514537 987701 938937
4407 632905 1143181
400080 73518 842008
267493 974254 1083317
854385 146015 1117488
76448 304490 613859
3866 740246 122569
227225 787988 425201
491938 26210 621857
473016 775231 892065
515842 528783 1048026
856323 845641 727549
909673 61140 114761
542285 698215 1297747
420446 783622 1293491
371961 913400 18877
943400 522115 1126839
276863 247192 534215
539519 600023 914113
269224 517571 964441
704125 949618 21656
423562 261727 1107438
774273 129983 494048
522885 352908 806148
164915 521424 889054
892559 885671 1050356
407852 656824 378060
174373 840689 620834
765579 206846 831793
206110 475511 984304
199284 725641 742051
46103 33479 777389
108650 955963 411460
591818 574371 1219053
426605 795167 804720
734375 905435 567792
475039 41019 92717
818894 717418 156608
157906 408680 553673
67608 414321 276020
132642 765828 1230864
468661 292357 1027837
500547 443320 1291005
29785 572896 1104853
502876 876162 1010508
118816 48276 785178
402726 736049 932115
727430 87168 142579
596730 666035 76193
363220 940370 207937
631805 994517 166454
78180 497278 75432
9707 779551 884827
203710 144638 156744
564313 831873 1133689
138116 468094 1189976
919150 669607 402956
38818 489069 1183162
623819 357147 1214368
905230 3155 98130
511850 514743 259643
504528 581214 574475
402094 478404 785222
295093 7560 32972
248415 739845 749083
708941 45623 696614
631966 96337 1190716
649861 264831 1028609
310877 859997 214624
671077 626658 465349
863016 17842 320645
200711 861866 1271403
468730 9398 1072729
153166 234504 517408
756277 649188 1225004
457537 206237 720877
483744 354723 619674
614236 66802 376191
773361 876915 311998
665869 179155 558877
310071 301930 1272224
247803 629329 1250490
606972 24273 1131612
564844 472114 137891
537052 499365 384714
488194 129836 748418
110628 227750 1178877
329144 772576 558044
204057 143431 883231
931583 766790 490758
903550 522958 1096577
859502 227387 552249
297183 330882 1157595
516459 298410 767338
713305 490813 717967
363288 565876 571177
220201 216460 634237
292041 32890 1092922
985237 199995 953349
377452 412296 1065890
681485 494329 194049
911937 608586 389839
247357 311271 185040
679173 787291 100532
112669 251767 728281
900936 124016 507961
282554 816885 957122
361913 24110 450615
232493 428089 971945
649814 931572 1090337
313673 725205 1060393
586998 995706 712593
879125 839626 611288
352594 62492 1273528
816536 324513 370339
414746 179065 610394
87547 355872 886136
884174 95612 759532
81651 509091 88029
362275 542237 220577
301130 182164 934939
29282 854349 1044018
324387 656540 1124581
318116 906683 1186044
607005 666617 221958
875700 104152 133243
848942 557792 844242
699345 399814 681856
988389 851962 588426
676350 344121 358274
109793 464084 786659
559373 106092 1288634
372361 409328 930497
514500 630225 69524
370584 538123 36501
931109 108718 414010
942280 300440 1050945
749467 383866 509024
35177 2388 438496
953727 132568 783389
721793 318843 432299
989699 413209 416425
227453 587469 321129
872227 626497 526854
498211 892566 1281120
284132 194550 315704
791387 463046 767955
258912 924571 1261917
305200 927501 143183
701615 712583 219885
783422 968167 1189847
712088 194875 203104
666164 694297 699563
662954 968877 628104
537418 250276 1073582
836798 238624 432671
666796 134928 300247
718218 697248 552958
410152 445593 748800
346105 301761 53070
933783 570881 167377
206253 886076 1101363
530528 705750
931294 489652
215190 484137
736915 984497
430623 944456
988411 92187
105168 654187
791984 500798
356741 619671
301316 979305
569789 807807
6310 472786
239399 735837
338493 324550
267632 440840
969736 574851
3721 64401
820655 185817
613949 27039
890092 353530
149805 10291
779266 421053
893903 16635
440874 684552
60074 478181
392574 115007
141624 647954
241726 197109
719056 6807
614067 621107
530967 493993
562065 593903
363333 496821
261121 205445
709869 728887
370974 608924
449155 317052
112789 299914
567446 567673
197281 729896
798510 156678
907578 945790
212404 353943
850097 158234
439654 915223
630287 681398
555427 208500
186440 186867
845256 565621
842234 551513
712028 953596
430206 744212
151353 490716
500937 902034
380053 332789
995831 376050
308616 747877
815696 56719
349830 930793
997918 132427
984099 505962
951932 629801
848530 777894
40984 251723
676252 965778
143879 122463
600549 590235
615250 434680
356073 228640
471955 901232
53657 859977
122620 492816
584242 602283
227335 388664
569149 833208
205717 696396
979236 882123
247163 50896
338389 360135
992502 325007
347876 884279
919507 327408
299871 334723
378507 147119
715910 850984
605027 265227
125130 480635
246568 921074
157006 408739
462557 941928
837695 920428
301420 362103
901123 374710
877780 7577
636386 963634
77764 824477
792238 655867
893285 15074
399692 689173
202052 338460
849739 176785
957376 47961
547740 288245
215286 41649
100315 916243
527346 925884
670938 442414
209989 746953
531756 339384
958732 794376
48330 139033
675208 137107
85340 969032
503021 451374
450029 58563
477738 791178
153502 521059
74507 423975
253695 14706
471890 442115
760576 825611
586837 10502
506088 81769
981571 466797
907461 972233
836362 223395
67407 382297
905624 157836
30769 306677
82118 588188
555589 248289
121244 10630
895267 728112
688236 382017
824397 974882
568604 674250
122103 733707
463961 626029
153605 507592
439267 369900
743475 727653
170122 829952
765596 764117
426205 128135
602045 528768
341921 722755
901264 2793
785569 41246
776017 305725
263447 120545
329573 277118
804602 906317
164839 359986
50126 10907
20765 515464
274851 637328
229101 384917
448929 994330
935591 985396
659210 990584
403952 243210
410070 615069
428087 697842
406124 513718
471681 218992
178745 26343
767527 891469
165799 872860
894338 484376
499492 113412
633589 701985
685723 300459
627009 825738
583646 666011
331665 292005
114988 197775
991174 591275
985293 422613
268776 774087
696483 197492
234249 725209
259040 524030
250669 376315
362729 885167
825679 961565
65185 365535
964585 535746
176022 82244
680276 914807
913852 393882
489017 908500
5964 863447
651132 153374
688433 471704
252445 97648
795158 288765
51798 241251
626263 732062
208632 296774
898487 535700
182932 863698
864033 497574
582649 190622
556958 506266
806543 360014
412401 379242
624661 694061
240613 360009
214253 568022
893158 963237
140970 156668
854706 312892
886166 986687
922351 783211
573482 349664
20530 650247
332644 428606
356565 62978
935127 273466
657040 196793
177436 36166
100235 291258
510271 782103
799751 678275
44048 580990
237229 995686
305736 820191
459936 761260
104837 650128
436058 900483
418566 2086
169340 802621
397746 757684
342427 590353
260697 954566
468907 638475
760301 300076
162444 413685
687509 181780
283550 898334
660423 628115
298964 789425
336975 351986
128827 16183
969531 79527
965119 614247
177735 401078
139478 854846
901326 653820
915424 851183
557999 38531
378739 435458
862900 644105
445806 854298
39311 19976
640462 995885
262617 519076
60584 218771
443117 632549
189542 608225
349205 641237
437771 459895
795882 368606
937776 832210
880350 365658
269642 892293
286044 459781
204412 97268
939934 646040
254780 710238
681611 583031
914567 141091
445435 98716
53536 970604
112159 14860
905943 800522
97386 858099
66451 329840
57100 270350
61289 151493
544289 347719
775947 982343
916194 617060
499335 540905
876627 79901
835957 38494
630233 934479
876639 165329
451955 990482
719751 283905
608754 354081
683837 216998
391679 518252
710318 973739
386295 637439
225266 503787
662010 814244
721717 3695
559996 61984
352223 558636
653205 637124
225535 89993
260279 412368
470951 769565
395584 5733
814099 577211
472394 667722
896500 122761
78079 337008
932905 730408
324790 302636
218069 799256
15576 517330
304588 158987
82300 828328
899004 741300
149023 401085
825324 407454
825924 427737
748210 58825
680520 784272
24823 277589
68909 970831
110184 910374
481061 166201
275097 409884
51487 158694
445402 223628
544086 396575
192028 794275
137337 110834
428755 34857
204651 804354
262810 369818
802162 651960
267513 675189
537020 632449
750968 524784
944961 36027
689250 921199
625115 485043
315603 541893
644125 724986
904616 815123
812551 594332
877391 679191
747927 653429
725886 664532
891817 625718
23961 968689
737165 680864
8090 17940
456831 193244
449008 752609
568808 74461
632884 59583
635341 584891
346863 568751
957490 290962
589958 474627
478052 251318
88415 70987
899977 778554
537459 137164
167344 539300
63072 849922
730751 695586
54483 765672
211394 186904
427573 662650
255703 882796
708336 340329
500441 273986
578097 821666
400354 506330
763115 70268
135552 113097
905327 932310
616759 418944
333982 226246
901528 145906
613602 817158
632665 258119
313641 316674
834266 864451
955789 70521
636865 330003
886063 145482
551604 614938
910176 709528
598585 316251
700985 336860
616700 799587
707248 568150
97548 844281
851971 248785
409415 418182
388897 914286
658605 356457
995498 844630
709951 536269
384940 196778
78946 171615
639693 630924
178439 331260
607847 719749
583720 115788
740923 891337
169850 271256
309858 569427
816360 844927
950643 416733
368861 679249
393545 790377
135827 688926
267599 836606
639911 393184
858452 23361
176825 661127
596488 352582
928250 15975
297598 938271
703967 602922
949782 48084
682833 491536
824146 797486
528192 182977
781274 301935
12001 631097
663482 424726
421640 683227
379333 981027
410706 197537
814442 700906
614361 65890
483470 764234
353602 656377
188585 547520
339747 122932
706158 783127
254834 132802
108315 642844
840490 419235
193437 503584
788821 722395
620493 564813
62082 21355
487095 378883
968272 363317
95603 365269
857267 371593
419522 243046
302722 275606
185714 77590
420807 730773
218432 248131
831099 702041
419316 995310
900604 525597
845515 590376
64958 912932
323088 918496
935625 1859
214033 583708
329118 318559
832670 176976
251779 270788
793834 339798
563083 464605
782369 217667
66530 331028
488415 584776
702073 115404
258747 512157
799312 727659
772718 504460
816778 276909
840026 283712
579288 720677
2100 991456
714023 549167
541464 717813
295706 943408
64910 686232
996724 561164
652059 449688
999625 440669
203764 764815
134008 764519
454209 199825
191995 89982
173175 450375
420358 789648
781474 531878
352068 761428
204531 40633
617910 642333
881932 407183
925896 533703
247629 582175
