100
4335 9301 3722
3647 2952 10756
723 6165 5345
3818 1735 12086
9205 8321 9155
1861 5805 12097
9568 9159 4103
3882 3693 12859
5376 6248 7037
3336 7481 10818
8637 5211 9988
8696 3626 3903
9655 1888 2034
8128 4803 325
6698 6042 10457
1807 6924 3204
7568 6111 5872
4498 2877 10349
2601 8013 11872
1221 6410 9571
4283 8183 6835
6618 9513 4950
7770 9694 5970
6295 1076 8367
220 6775 7508
569 3058 218
9796 9389 12393
5762 5504 8647
8738 8782 3371
4031 6262 10491
7233 6502 3508
9072 9562 143
5177 9431 1469
476 1964 8653
2906 5504 10770
5688 5811 10523
3197 1023 11167
6485 9569 10234
5928 4255 6074
9804 6543 8565
8430 684 6914
469 8018 1517
8318 8721 6089
5194 9928 10352
934 5319 3480
7491 1432 5800
6100 9931 4048
618 9268 531
1765 6319 12479
4770 8632 7570
5780 3269 5289
8006 3925 3390
1502 3486 954
9518 2381 3792
7698 9337 7750
3110 9048 3739
1456 7118 9154
4542 3907 12445
2082 4648 424
6981 4703 3603
6715 9186 6032
6565 4114 9123
8061 9904 12783
4843 8290 1206
5142 224 9796
5812 7377 4255
4315 1228 9524
1169 8210 2316
2862 3341 456
6440 1707 4465
9920 9044 3316
4571 5812 5149
7617 1243 2421
2034 6285 11318
2941 5481 6486
2381 1891 7881
8275 6361 4880
84 4504 2206
5862 5723 4145
720 1162 6108
9091 9947 12009
4541 316 6402
384 3157 3201
1195 1625 9088
1496 3386 10016
6542 1061 6040
9464 3745 4012
4748 7007 10802
8632 7977 3064
8338 5515 5892
8255 1613 5073
9066 6121 1307
9188 7268 657
7218 9212 6850
1744 1113 6813
6937 818 3768
9732 2360 9859
4649 5363 9802
7831 2667 8240
9552 71 3587
8184 8448
3424 1488
4054 7433
5886 3820
5619 3584
1523 4378
9032 2714
4517 6799
6103 5367
2383 4273
2728 1695
1260 8229
6904 3634
433 2355
9176 4498
5702 6134
1539 8613
4482 5309
8972 7846
870 4364
9851 8037
8153 4944
7638 8750
9489 402
6939 5594
6111 1187
3039 898
189 6490
3543 5956
6454 348
6040 5931
6011 8861
5416 8432
7971 4951
1678 8710
6676 5458
2606 6470
6026 4121
9738 3844
5570 9445
4556 7517
5922 4588
9857 9901
4275 6716
8395 4006
3985 3785
9019 1840
2307 345
2725 6208
350 945
5098 1462
8314 6107
5793 9083
175 1453
8098 6469
2765 2271
2239 7802
5433 7208
4158 545
6829 3567
3236 8853
684 5052
6113 4998
4020 8869
1548 3619
6631 5210
5853 7092
9878 1031
2043 5414
3504 1951
437 5890
9160 5290
3646 5577
9835 5192
4402 9203
5948 2293
38 3215
1724 7879
9841 6062
823 8474
4114 887
1492 7565
5132 2172
6300 5015
7548 5545
8870 4974
5112 4329
1538 6564
5834 6220
2785 6827
7575 8331
6848 4873
9929 9802
4411 3962
3476 8881
1024 241
7524 9451
8438 8854
5048 1098
8511 4402
