100
6811 5045 7143
5643 6528 8413
8326 3227 12484
5785 3638 9741
7933 1202 11120
8988 8754 45
7956 8962 12280
7872 769 12126
5575 7709 854
3309 8218 3222
9000 5773 10434
525 5594 4282
8045 7714 10775
4273 8531 488
6011 3708 5032
70 8781 12976
8957 7167 12308
4319 788 5458
9211 6672 212
1971 4588 11544
8862 7690 12010
5614 5501 7636
6602 4867 2860
4286 4830 10947
2591 222 10502
7824 8894 1213
105 1217 2970
6809 5537 10876
8604 2863 6634
3328 1887 284
9615 7551 329
3200 3114 24
8463 351 10454
8184 5071 3078
7723 5781 9237
19 1003 10160
5602 9332 3128
5850 7962 2483
3574 3905 2926
2262 7324 1802
2552 6212 6094
2875 7203 10557
2183 5513 106
1878 5882 11645
2669 7930 12409
1736 826 3421
189 3766 971
5529 3844 10525
5688 5303 2019
3954 8882 5335
421 2038 1591
4976 3644 5133
530 2872 6644
8408 7954 2019
4320 9591 2340
7026 2633 3645
3245 8706 3851
3519 1167 4548
2276 7974 107
4522 377 6950
603 5273 531
8428 1866 5668
8990 312 8873
2052 6916 6270
1484 2856 8000
9638 1913 4279
4518 7449 4929
6522 8215 12385
3712 1755 8708
7376 1624 10383
3899 8708 2367
8117 1821 7791
7551 4894 6164
3645 2559 9267
3428 2490 8451
944 3041 8339
1804 8462 9941
8888 6588 422
4437 1875 4670
5050 9208 7407
8124 7543 4702
6260 1449 11329
3879 3558 1797
5874 9999 152
6994 7643 921
8098 138 1544
8378 3470 954
119 2187 7135
8431 2448 2832
2469 353 2965
4442 7329 9868
9930 1291 7526
8985 9697 10864
3149 6318 10929
8406 947 1472
7520 9493 9996
3149 6183 12636
2625 1710 10436
8901 736 7670
3744 3789 4703
4431 9268
8995 3138
9240 7220
6308 9905
1833 3467
6187 3086
2672 2137
9793 6259
1250 3322
3107 5117
1603 3579
4912 6952
8865 8951
6406 8190
228 9752
9414 7529
8430 592
9342 1883
9370 7385
9139 4160
5605 2396
4114 3077
3327 9681
3875 1481
7352 6849
255 1704
2743 6292
1481 8378
7918 3504
3682 9629
4660 9480
2612 9213
714 5984
6293 70
9646 7791
7087 8439
5325 3064
7221 1817
369 8878
4256 9707
5196 719
2783 5113
5267 2005
1988 3688
6709 7126
4555 1931
9206 4570
2985 9732
5511 524
8348 5286
7913 4562
6686 4056
9126 6931
5611 4854
6640 8011
8167 817
7582 5514
5327 9968
1393 4708
7425 6075
7543 2069
4126 7955
2963 1432
2745 3994
7383 5057
4428 349
854 1039
4517 4282
9075 2057
9612 3433
6856 8664
342 8752
721 8865
2176 4101
2426 6983
4825 2262
8071 188
1696 4368
9676 7483
3242 7606
8368 6182
7660 4710
5432 7943
2073 2547
1779 8806
3224 2583
6405 144
4403 7727
9618 3581
625 8443
7160 4863
8234 3912
2090 9325
7036 1966
9628 4170
8674 2257
6675 3972
6689 9197
5606 9007
4004 815
