500
604091 801385 1248864
549150 64295 959589
644840 237775 933006
607900 281000 382553
729436 831016 144683
682840 448561 85939
828071 551248 121121
6607 439665 107562
298553 468834 794798
382287 133087 400620
72978 703195 449109
380005 303173 750166
757203 230655 142613
607526 500272 961429
296558 518943 259931
656560 64463 313099
228668 442165 293983
176377 398416 1008362
528956 921512 1129801
240818 968878 1053946
573646 982679 815152
436434 114674 1117178
549892 836596 181676
601978 561101 437198
810937 41266 1137721
251040 84872 661907
706071 293448 702835
420315 264574 628328
239582 504024 473928
534936 205014 74070
656080 734928 345730
82054 613141 1178644
800425 185399 776076
383888 498793 877651
496807 640964 152078
587621 775450 829022
16801 433261 506029
467999 611604 583158
120752 628383 925632
42367 436248 1219897
819328 178057 189735
127452 132840 166466
29015 673753 655564
506095 948270 1006007
542209 676197 228672
764060 423637 955489
449047 769741 499417
993725 164716 639184
246959 381732 782104
589273 301872 550746
74983 220857 320740
769425 23095 1280000
772970 308568 775958
935232 159665 617045
791772 919694 311018
654224 295299 734792
659814 95675 1150394
656974 46225 251647
994600 44899 804082
534606 550400 726448
481667 819078 220174
485510 820474 671894
539696 324232 720004
971679 164332 334569
84501 419492 1191411
9613 510115 452730
123366 227224 506761
115779 604096 595022
64684 685823 1061788
292821 526639 432961
870873 413338 1109167
94124 739097 437431
520346 227118 82269
977437 885719 615257
625337 996959 933276
262552 578008 495360
257815 819333 1047866
745673 24753 1119429
294711 869208 587921
134860 350123 998619
39723 990254 1077169
430944 481259 635783
664403 606362 573667
597530 792457 135523
616985 244672 701625
805631 803341 1089373
57089 647913 237489
530442 51721 242614
830069 339159 724018
865325 282432 149853
664041 950503 855869
222272 712674 47563
763043 10800 585348
709161 420932 761428
201100 164721 1027066
747330 191673 1053327
417560 657057 414295
512838 983821 717944
984094 820215 355774
32832 419535 1265636
217758 930605 675157
111831 621477 439246
378724 658064 894259
664607 571861 591881
6654 779091 1078874
8489 266741 545907
992212 144522 379947
60784 617769 495314
318701 688370 167811
779744 569570 340954
942367 927072 99600
434488 240373 848226
705531 691856 895280
210297 522091 724579
153942 92180 1107576
326206 740391 608596
172294 828624 698158
162186 711090 240385
916266 108960 617002
372423 204672 556893
282008 89223 533216
928579 850217 353684
796728 980099 747525
195655 694056 505579
145162 237286 413589
884828 88470 443253
973386 177938 1154660
431258 170837 352917
925325 721828 305258
476940 383560 546594
935316 553863 834123
596423 749255 56115
878414 440551 388745
201538 588380 612504
827203 835118 972117
431531 924788 880412
49856 444474 232375
850981 167658 1096660
249234 762843 1274876
462919 577140 542015
410748 814151 183349
479050 475591 2664
363127 149717 1014303
538464 124788 233736
857715 254076 387644
393960 874810 810682
192412 8260 642750
818996 973420 427467
942045 259239 589675
306774 966392 384324
873359 838578 1241070
563309 625089 307847
443772 336995 480767
593412 621561 660166
916223 265349 597364
704044 475608 1018533
410964 905871 1007584
399288 953611 751192
331579 329319 1074623
945608 927379 451813
25081 840625 283278
932148 172497 393791
304378 861548 1127054
396588 650011 1057929
775422 87614 688267
495634 720950 1271838
744717 210326 1046662
975365 4888 1030583
85963 635385 47848
927152 67023 1281552
379406 675670 224990
466358 126817 1037151
10190 523547 217931
577685 308743 446511
910793 707234 940896
51338 885735 271252
519518 965420 375315
703647 883981 334130
558349 925315 1292514
189097 594185 218299
880356 499618 16956
204401 418918 671803
745282 534175 428271
389553 287746 338818
774997 731614 141369
102126 392879 441489
650568 86808 1146001
453849 455952 955178
473987 437606 1060410
49193 924956 1240973
880806 77958 646729
669154 452603 1105993
579199 919142 585969
309126 6586 555334
389311 291924 575697
35008 981022 1245056
484250 97316 250759
284015 391560 25653
379092 574283 1295509
256197 41783 8404
599865 260116 138035
340408 744157 816428
852025 923750 170007
696133 619697 206784
366176 794233 1203004
321762 456331 1272630
188719 578843 427126
357217 463189 147047
978173 210543 1213411
525308 15950 545694
494683 195107 929797
311823 924533 955847
928643 82571 756617
240255 781305 168620
962163 197618 424649
461475 711746 120725
253368 551206 662912
451940 599495 821134
850317 585305 1201225
566200 187865 298555
407787 827844 1280472
334757 14458 1186490
604272 122075 541441
718055 437988 402843
105789 595813 20034
861380 136713 1218121
847332 801795 631317
96434 731303 694390
461666 953613 862083
418943 675371 1210959
468923 985884 434365
969118 589839 830712
773745 493989 864203
314564 873630 898540
466947 954939 839217
803771 767205 778314
281546 627981 925271
207526 747701 592630
276193 797037 1125354
412748 365876 89175
873872 998466 827312
104919 376574 1216496
388062 990067 1038273
651025 376211 1160403
606855 101376 1124439
106033 56797 991904
269313 159121 113080
328169 397531 570977
887184 327720 744181
57792 639236 662521
510411 822577 1227378
737279 72950 510524
562883 805069 855369
827643 73813 1041319
353468 597284 309598
621767 785482 573820
6795 248871 803544
20368 470984 145374
802238 55339 645863
100217 890497 554275
930803 560438 1053596
732201 123859 810152
784683 240695 334180
180991 289031 1078310
239128 656009 730185
721834 82156 1013916
317315 984585 725822
158248 221780 1255708
736237 207384 1214579
538638 235386 52547
527603 15330 439706
187623 173087 482996
694959 642095 1233814
717578 513622 1222687
847092 852215 644205
684793 694528 93581
348402 661392 959517
653328 821922 1024772
20204 621028 853344
171222 306321 868460
162133 597261 1178366
777217 179508 98353
52059 648635 304663
383080 780751 571882
252073 145456 694727
208409 813545 608646
690023 805296 401171
785233 924788 763072
278795 765353 491803
714347 213693 1144045
885474 516813 566337
917440 613862 853712
632766 838748 936334
635723 809741 144969
264290 498013 689819
427509 664709 715298
76390 647403 760196
371202 242060 1033180
132313 168962 294254
241426 244683 1020578
893006 663906 480761
836672 74081 264125
969428 279572 1295915
564760 311080 451960
655653 175150 973948
288132 109874 493542
727730 531204 1209493
515887 959166 292010
126015 751099 297083
507106 88834 350972
984737 710800 16798
427758 858207 406608
738263 804133 908708
636667 415713 895973
50547 688825 14496
818619 895999 987468
894867 775025 875573
552982 473648 1209769
653081 985261 1071952
6981 397898 1196365
52849 134694 129182
742190 164021 1211937
376066 681533 789762
477238 894918 732426
719312 822291 851021
110746 609883 1084666
43860 990252 73708
825954 532684 523520
177068 612678 732281
771146 498818 697592
91825 572780 849658
286495 375368 237154
396569 299329 216595
938375 275544 832297
533625 207800 791331
805952 456592 802189
104609 319256 297315
165811 760043 580619
427675 848530 212403
775761 41593 950156
641680 612635 1078589
495399 970307 510062
975364 859270 566048
332194 23416 131458
739339 858651 537034
145790 961026 149565
523165 375916 397292
756006 111728 423783
3173 895731 1065355
853647 34239 476601
688891 991192 1161776
155641 405037 611157
429857 728584 610988
361368 47973 319400
350624 805604 413291
449904 537159 166270
481040 719319 892490
322701 281402 661978
35981 568318 627116
614590 488117 517603
213012 401927 216637
864198 632264 16496
87871 706235 759448
559990 129239 561608
906642 185281 126133
626595 227922 122689
718089 30057 504639
37854 650577 903780
408228 294152 1191086
381283 180845 897567
938468 27361 954156
80918 639037 844268
636761 914345 976470
63667 526473 106627
408241 177017 468610
525873 763 706115
114307 838554 18348
136067 759442 296786
391890 480083 551197
426948 899185 599399
389866 257678 289012
360485 531737 1200196
930699 483746 280615
964345 520908 542470
555895 217339 541580
559112 716941 487064
344834 61177 32468
912102 349180 455874
453093 756911 661624
887930 755868 281982
823618 756290 65417
607568 460582 755693
954467 327007 1140070
154227 603318 263437
103732 976611 1016664
141105 546909 453561
356271 816479 925941
501548 552041 662293
7056 202240 827744
591614 689380 654604
398614 81594 163980
525052 164432 974864
400476 608039 522194
778258 675163 637541
597839 624662 956741
23548 233181 781319
827260 503175 157915
148369 389598 839790
458544 503647 493924
907255 741986 1243836
388712 95912 6135
125757 919343 913593
909067 370212 842545
208128 186699 1061002
29355 586851 1030774
444347 565319 855492
810350 411849 752063
910558 748480 534220
451117 575705 57966
909880 964838 1063904
95149 219157 1134930
872735 294110 708467
933162 915931 282892
239001 186922 89111
835597 9675 629977
312800 288522 984136
610201 348811 284548
782233 767501 931787
597607 2492 1167257
920823 862015 1192411
654972 356968 32844
364577 102236 900355
436896 892805 101780
428467 981554 672575
155274 66875 805910
670233 125666 1091538
18642 607015 771784
857218 920625 88971
374298 681926 933916
701111 470165 878091
526381 819843 113937
231486 374786 328861
19994 199355 1121340
223240 393453 418909
991703 350160 234798
575151 717408 379071
342010 413663 817153
247349 70497 99014
212391 704047 1040783
154177 89839 1180827
742757 64342 833351
360223 240180 323179
737486 518548 434667
680124 750117 172294
46838 367557 714318
129815 546896 786892
730987 155681 581432
876247 521289 874377
447648 283511 658688
269473 114743 580769
806781 63626 575511
388844 515738 266860
860198 123110 275196
352467 897201 220892
18784 121563 1234475
979566 401519 1026332
684570 898534 449440
855838 752314 1069314
410083 409710 523697
490821 852666 1025426
179679 373472 1051975
469867 364637 581017
802299 95830 214095
436283 103278 1166407
182139 586915 145018
670736 662425 1115529
472879 435382 345968
833788 467149 732879
288686 92318 273807
810758 125788 1190673
579834 933518 766886
558531 695494 586374
662552 139868 469570
470510 323203 246219
256278 531672 625820
303181 853933 1125092
210477 545437 108934
708242 223327 698111
218801 994822 233241
44476 218294 1201290
305930 450870 1052521
460891 159198 201655
573625 142587 45177
140733 427912 1189870
725769 379050 691761
200709 406014 960498
221820 434263 1246785
481948 317842 557221
24675 715063 742352
273370 113902 182124
981563 347639
978986 840952
740186 806074
239882 133069
407673 578723
207119 921327
125526 603741
422189 938216
920542 29246
971443 603113
427437 974572
743990 443565
916864 773103
464868 68544
937877 368877
462848 153763
5075 357563
827017 766835
906855 323117
458899 41882
65052 31034
677255 386350
747462 485084
353202 438762
363462 938058
581042 755872
614394 979688
623868 176531
35921 38799
846782 508943
731607 277858
501536 183473
561103 330332
454248 362431
685535 702575
3601 200345
46365 620575
125700 581442
415151 59048
429598 51409
585802 163965
888001 740512
261649 433047
887343 261026
596399 243233
220980 580097
952579 419759
766297 372467
991545 480984
899199 289870
838403 628790
416849 484710
473350 403394
937751 872930
732204 563875
459338 527107
15212 796720
250101 811332
651991 693582
8289 251998
206849 552789
753398 819232
215060 670629
912407 744931
292725 595684
650845 29693
592156 259065
700029 910133
139572 665352
168693 486359
454671 88907
782136 204427
978509 492640
106210 637292
823828 511478
447677 661865
902661 966133
113806 29891
195940 985786
175125 55294
467134 848240
940523 643109
198013 171797
327632 786972
868718 918319
278887 299533
283243 509218
144565 880526
775708 107334
387081 285091
720946 289974
289986 194965
21385 540
449670 134935
315939 927193
98983 15346
961103 89569
900655 638069
525301 189034
759855 36682
948072 660229
73080 682794
470465 763851
257871 614513
691207 190500
468478 745434
861124 648582
221352 241001
923127 520779
206464 880063
150180 558728
642874 240184
322098 465915
701816 661780
424195 814928
175471 768927
824297 70411
316995 205729
552131 961534
982004 609360
494515 576688
820571 775115
386747 575300
245363 566219
916733 655316
109132 780319
677834 559255
631516 678831
404084 336781
614386 625096
909474 382018
149226 88902
365551 754915
111675 983908
690374 574903
94726 916693
923911 381815
493298 774545
995142 942891
534660 245348
665496 707950
637107 468039
479248 511261
211238 421133
742011 424
759900 186422
608927 522456
229880 244592
443011 288829
912351 765883
455756 779827
102878 979916
201561 525184
640878 249278
857536 87980
817824 445272
106573 820506
993180 842338
97108 882493
607285 716880
959199 346408
725294 459875
256727 982446
463236 581164
671301 672693
779862 169938
453003 352368
782205 414560
145603 107234
299496 762312
582019 339778
711518 269836
585392 653369
238911 986894
514436 668689
546481 356914
333811 831491
1734 161452
702460 475930
234894 147785
827603 860011
775700 758859
205519 295463
300450 162135
526944 586946
272982 671712
347682 535505
572666 173914
627980 373371
407285 430069
89410 655626
621229 246176
654600 232163
51908 810279
924911 697907
590017 414682
380101 324625
374003 2468
804803 824494
938710 432929
715434 465998
664278 524815
891690 89654
348195 193791
29793 246193
186475 598824
817471 530854
951057 216648
265180 675592
891872 851143
354659 341275
655810 999906
43129 415776
110598 544231
193210 62409
875888 550325
77418 770372
315929 325052
900747 555691
947897 683780
94547 343029
210798 644445
639037 861564
268759 476667
972006 557812
868490 954620
725088 366555
343060 911201
230512 835697
116961 89996
783731 627959
713179 695217
935223 557845
209685 265614
381929 604717
990365 300333
203971 629375
637505 779192
255405 53540
554035 165800
940057 625657
195872 605091
329849 55310
462680 394309
34196 707195
805290 578518
12771 442320
224513 330727
473803 885066
744079 246228
672472 973340
992801 375309
124142 198207
627968 452982
71683 739156
745264 277705
763808 103450
163189 113450
306680 927216
509725 695932
68170 40137
730517 170151
593257 460868
132740 216625
994229 30718
969959 14872
285415 68803
827039 255337
176060 330480
105704 397839
800483 624878
755344 318485
198898 526718
565186 470246
280543 221822
452225 510008
98235 251811
725114 432632
626898 6945
75045 19247
438324 670571
339774 602100
189072 990236
214271 608948
407306 197604
290287 532579
19022 643893
668928 388227
826010 699975
497817 529663
860086 870512
944730 360539
695239 813191
546712 46256
496848 763114
12405 243587
403127 535396
967627 660596
713758 841869
213366 378202
215047 613927
126677 574597
416534 982324
7216 187214
259471 490708
720396 818668
515860 741229
920915 509413
370835 26736
918136 274750
445260 652854
203444 448957
359407 327446
416486 372918
325719 271401
92371 358455
463307 858367
642838 56836
538333 582366
378752 708417
562125 804316
175330 304562
403778 182408
389814 221391
833580 847123
824197 309676
253265 237432
93472 586055
647530 390327
426220 489517
221525 184197
937655 692728
308518 305354
152557 109640
996037 193487
274748 438684
954878 728616
569988 755142
369383 6033
826959 807300
2252 498534
483221 893349
417908 432238
401371 107091
786525 475845
790936 9860
938821 499115
925149 357933
727061 567917
741020 320214
402996 349198
995058 957464
757991 665922
559583 104959
26565 527431
675683 735306
543925 505043
154893 506739
977882 265603
306665 376395
976192 110091
174920 543965
528327 443867
293227 272579
683188 675414
817256 127125
511370 634262
321645 93294
911450 272150
126717 114175
929863 922871
28815 286486
580515 513106
958159 320963
127619 786974
990428 16083
347702 668082
742723 736591
455334 994976
558417 70945
523491 196489
441671 391482
398827 304651
971920 767361
763726 448826
819409 58449
730243 546426
779570 897141
375815 17767
807242 982832
473197 899303
100169 449860
179006 169593
311155 121397
533628 869503
89014 580703
786306 679311
303730 40735
957839 908133
824086 542624
244645 451096
674404 660908
135264 514871
161994 787746
847696 117407
5643 104156
15096 116925
859946 546536
493499 836775
895214 840621
321260 867506
803604 671334
788408 270869
896958 109012
160635 537433
584487 529593
589048 32059
363348 793423
893418 907332
218095 917626
389205 385487
945785 750286
311058 500404
662393 170503
121450 116707
327084 586370
611064 321802
90254 527036
540178 113865
1629 502558
590903 471929
262123 381215
990669 963459
81164 967270
834535 678206
859945 165197
142767 902480
977639 408158
318013 631336
219472 447017
970951 60052
875603 992410
451575 931118
56181 439336
341292 312439
612245 531633
171934 963674
652934 355854
336315 63593
755482 71077
274588 248717
382945 438065
754644 462888
539491 689619
238340 684837
195349 479547
467009 56918
577259 696296
237359 842372
713647 422554
541858 228751
896714 102431
132179 454386
307134 370844
741025 20440
530798 144799
340623 453631
814858 3950
483444 280428
502188 196247
765802 676999
723724 805975
199550 31224
722310 594021
522713 230954
873399 13920
480692 622861
377753 136544
488942 665707
119812 486062
488872 101907
346538 470195
124759 655949
927436 981184
271550 408897
905953 327625
585699 110017
200470 729322
248219 951088
781751 475788
914339 465423
423278 396254
567043 961834
25141 477888
916828 240780
734951 938360
126186 245935
266486 16483
798402 176973
758081 550854
